0.0000 1.00000000000000 1.00000000000000 0.00000000000000
0.1000 0.97000000000000 1.02000000000000 0.01000000000000
0.2000 0.94031800000000 1.03948200000000 0.01020000000000
0.3000 0.91099469094172 1.05841048905828 0.01039482000000
0.4000 0.88206850085065 1.07675257425877 0.01058410489058
0.5000 0.85357541498174 1.09447813438509 0.01076752574259
0.6000 0.82554882614936 1.11155994187362 0.01094478134385
0.7000 0.79801941599310 1.12797375261114 0.01111559941874
0.8000 0.77101506733367 1.14369836374446 0.01127973752611
0.9000 0.74456080720572 1.15871564023497 0.01143698363744
1.0000 0.71867877963326 1.17301051140508 0.01158715640235
1.1000 0.69338824674825 1.18657093917603 0.01173010511405
1.2000 0.66870561645352 1.19938786007900 0.01186570939176
1.3000 0.64464449450329 1.21145510342844 0.01199387860079
1.4000 0.62121575862040 1.22276928827705 0.01211455103428
1.5000 0.59842765208936 1.23332970192532 0.01222769288277
1.6000 0.57628589415610 1.24313816283933 0.01233329701925
1.7000 0.55479380452416 1.25219887084288 0.01243138162839
1.8000 0.53395243925689 1.26051824740172 0.01252198870843
1.9000 0.51376073546905 1.26810476871554 0.01260518247402
2.0000 0.49421566231023 1.27496879418720 0.01268104768716
2.1000 0.47531237589891 1.28112239265665 0.01274968794187
2.2000 0.45704437605078 1.28657916857821 0.01281122392657
2.3000 0.43940366285050 1.29135409009271 0.01286579168578
2.4000 0.42238089133379 1.29546332070850 0.01291354090093
2.5000 0.40596552277106 1.29892405606414 0.01295463320708
2.6000 0.39014597126726 1.30175436700730 0.01298924056064
2.7000 0.37490974461123 1.30397304999325 0.01301754367007
2.8000 0.36024357851665 1.30559948558791 0.01303973049993
2.9000 0.34613356359271 1.30665350565596 0.01305599485588
3.0000 0.33256526456391 1.30715526962821 0.01306653505656
3.1000 0.31952383142181 1.30712515007403 0.01307155269628
3.2000 0.30699410233882 1.30658362765627 0.01307125150074
3.3000 0.29496069830173 1.30555119541680 0.01306583627656
3.4000 0.28340810953367 1.30404827223069 0.01305551195417
3.5000 0.27232077386646 1.30209512517559 0.01304048272231
3.6000 0.26168314730240 1.29971180048790 0.01302095125176
3.7000 0.25147976706626 1.29691806271915 0.01299711800488
3.8000 0.24169530749677 1.29373334166146 0.01296918062719
3.9000 0.23231462916181 1.29017668657980 0.01293733341661
4.0000 0.22332282160693 1.28626672726888 0.01290176686580
4.1000 0.21470524016075 1.28202164144238 0.01286266727269
4.2000 0.20644753722824 1.27745912796047 0.01282021641442
4.3000 0.19853568850192 1.27259638540718 0.01277459127960
4.4000 0.19095601451506 1.26745009553996 0.01272596385407
4.5000 0.18369519794983 1.26203641114979 0.01267450095540
4.6000 0.17674029709885 1.25637094788928 0.01262036411150
4.7000 0.17007875586096 1.25046877964827 0.01256370947889
4.8000 0.16369841063240 1.24434443708036 0.01250468779648
4.9000 0.15758749443352 1.23801190890843 0.01244344437080
5.0000 0.15173463858940 1.23148464566346 0.01238011908908
5.1000 0.14612887226026 1.22477556553597 0.01231484645663
5.2000 0.14075962009535 1.21789706204552 0.01224775565536
5.3000 0.13561669826229 1.21086101325813 0.01217897062046
5.4000 0.13069030908211 1.20367879230573 0.01210861013258
5.5000 0.12597103448005 1.19636127898473 0.01203678792306
5.6000 0.12144982844228 1.18891887223265 0.01196361278985
5.7000 0.11711800865035 1.18136150330226 0.01188918872233
5.8000 0.11296724744746 1.17369864947212 0.01181361503302
5.9000 0.10898956227455 1.16593934815031 0.01173698649472
6.0000 0.10517730569874 1.15809221124462 0.01165939348150
6.1000 0.10152315514286 1.15016543968805 0.01158092211245
6.2000 0.09802010241166 1.14216683802237 0.01150165439688
6.3000 0.09466144309863 1.13410382895517 0.01142166838022
6.4000 0.09144076594645 1.12598346781780 0.01134103828955
6.5000 0.08835194222425 1.11781245686183 0.01125983467818
6.6000 0.08538911517606 1.10959715934140 0.01117812456862
6.7000 0.08254668958692 1.10134361333713 0.01109597159341
6.8000 0.07981932150556 1.09305754528511 0.01101343613337
6.9000 0.07720190815662 1.08474438318120 0.01093057545285
7.0000 0.07468957806931 1.07640926943670 0.01084744383181
7.1000 0.07227768144439 1.06805707336726 0.01076409269437
7.2000 0.06996178077699 1.05969240330098 0.01068057073367
7.3000 0.06773764174866 1.05131961829630 0.01059692403301
7.4000 0.06560122439864 1.04294283946336 0.01051319618296
7.5000 0.06354867458124 1.03456596088612 0.01042942839463
7.6000 0.06157631571381 1.02619266014470 0.01034565960886
7.7000 0.05968064081708 1.01782640843998 0.01026192660145
7.8000 0.05785830484819 1.00947048032446 0.01017826408440
7.9000 0.05610611732462 1.00112796304480 0.01009470480324
8.0000 0.05442103523607 0.99280176550289 0.01001127963045
8.1000 0.05280015624018 0.98449462684375 0.00992801765503
8.2000 0.05124071213673 0.97620912467876 0.00984494626844
8.3000 0.04974006261445 0.96794768295426 0.00976209124679
8.4000 0.04829568926372 0.95971257947545 0.00967947682954
8.5000 0.04690518984809 0.95150595309632 0.00959712579475
8.6000 0.04556627282695 0.94332981058650 0.00951505953096
8.7000 0.04427675212150 0.93518603318609 0.00943329810587
8.8000 0.04303454211613 0.92707638285959 0.00935186033186
8.9000 0.04183765288684 0.91900250826029 0.00927076382860
9.0000 0.04068418564856 0.91096595041597 0.00919002508260
9.1000 0.03957232841317 0.90296814814720 0.00910965950416
9.2000 0.03850035185002 0.89501044322888 0.00902968148147
9.3000 0.03746660534080 0.88709408530580 0.00895010443229
9.4000 0.03646951322097 0.87922023657257 0.00887094085306
9.5000 0.03550757119972 0.87138997622810 0.00879220236573
9.6000 0.03457934295101 0.86360430471453 0.00871389976228
9.7000 0.03368345686821 0.85586414775018 0.00863604304715
9.8000 0.03281860297504 0.84817036016586 0.00855864147750
9.9000 0.03198352998587 0.84052372955336 0.00848170360166
10.0000 0.03117704250863 0.83292497973507 0.00840523729553