Time       S(t)           I(t)           R(t)
0.0000 1.00000000000000 0.10000000000000 0.00000000000000 
0.1000 0.99900000000000 0.09900000000000 0.00198000000000 
0.2000 0.99801099000000 0.09800901000000 0.00394018020000 
0.3000 0.99703284930901 0.09702697049099 0.00588071960982 
0.4000 0.99606545854053 0.09605382184965 0.00780179604681 
0.5000 0.99510869959947 0.09508950435371 0.00970358613389 
0.6000 0.99416245566924 0.09413395819687 0.01158626529782 
0.7000 0.99322661119881 0.09318712350336 0.01345000776789 
0.8000 0.99230105188997 0.09224894034214 0.01529498657473 
0.9000 0.99138566468460 0.09131934874067 0.01712137354955 
1.0000 0.99048033775210 0.09039828869835 0.01892933932352 
1.1000 0.98958496047688 0.08948570019961 0.02071905332751 
1.2000 0.98869942344592 0.08858152322657 0.02249068379204
1.3000 0.98782361843650 0.08768569777146 0.02424439774747
1.4000 0.98695743840393 0.08679816384861 0.02598036102444
1.5000 0.98610077746942 0.08591886150614 0.02769873825456
1.6000 0.98525353090812 0.08504773083732 0.02939969287131
1.7000 0.98441559513709 0.08418471199160 0.03108338711114
1.8000 0.98358686770352 0.08332974518534 0.03274998201485
1.9000 0.98276724727299 0.08248277071217 0.03439963742909
2.0000 0.98195663361778 0.08164372895313 0.03603251200815
2.1000 0.98115492760540 0.08081256038645 0.03764876321588
2.2000 0.98036203118704 0.07998920559708 0.03924854732782
2.3000 0.97957784738632 0.07917360528586 0.04083201943354
2.4000 0.97880228028796 0.07836570027850 0.04239933343911
2.5000 0.97803523502667 0.07756543153422 0.04395064206980
2.6000 0.97727661777607 0.07677274015414 0.04548609687288
2.7000 0.97652633573771 0.07598756738941 0.04700584822067
2.8000 0.97578429713027 0.07520985464906 0.04851004531365
2.9000 0.97505041117871 0.07443954350764 0.04999883618380
3.0000 0.97432458810366 0.07367657571254 0.05147236769805
3.1000 0.97360673911082 0.07292089319113 0.05293078556187
3.2000 0.97289677638049 0.07217243805764 0.05437423432303
3.3000 0.97219461305719 0.07143115261978 0.05580285737542
3.4000 0.97150016323938 0.07069697938520 0.05721679696313
3.5000 0.97081334196924 0.06996986106763 0.05861619418448
3.6000 0.97013406522264 0.06924974059288 0.06000118899634
3.7000 0.96946224989907 0.06853656110459 0.06137192021843
3.8000 0.96879781381179 0.06783026596979 0.06272852553782
3.9000 0.96814067567797 0.06713079878421 0.06407114151351
4.0000 0.96749075510903 0.06643810337746 0.06539990358106
4.1000 0.96684797260098 0.06575212381796 0.06671494605742
4.2000 0.96621224952491 0.06507280441768 0.06801640214577
4.3000 0.96558350811751 0.06440008973672 0.06930440394050
4.4000 0.96496167147180 0.06373392458769 0.07057908243226
4.5000 0.96434666352781 0.06307425403993 0.07184056751306
4.6000 0.96373840906343 0.06242102342351 0.07308898798153
4.7000 0.96313683368537 0.06177417833311 0.07432447154819
4.8000 0.96254186382013 0.06113366463168 0.07554714484082
4.9000 0.96195342670517 0.06049942845401 0.07675713340990
5.0000 0.96137145038001 0.05987141621008 0.07795456173410
5.1000 0.96079586367763 0.05924957458826 0.07913955322587
5.2000 0.96022659621574 0.05863385055839 0.08031223023704
5.3000 0.95966357838830 0.05802419137467 0.08147271406453
5.4000 0.95910674135702 0.05742054457845 0.08262112495610
5.5000 0.95855601704304 0.05682285800086 0.08375758211612
5.6000 0.95801133811862 0.05623107976526 0.08488220371142
5.7000 0.95747263799892 0.05564515828966 0.08599510687722
5.8000 0.95693985083393 0.05506504228886 0.08709640772299
5.9000 0.95641291150039 0.05449068077662 0.08818622133853
6.0000 0.95589175559387 0.05392202306760 0.08926466179988
6.1000 0.95537631942092 0.05335901877920 0.09033184217546
6.2000 0.95486653999123 0.05280161783331 0.09138787453213
6.3000 0.95436235500997 0.05224977045791 0.09243286994129
6.4000 0.95386370287014 0.05170342718858 0.09346693848506
6.5000 0.95337052264504 0.05116253886990 0.09449018926246
6.6000 0.95288275408082 0.05062705665672 0.09550273039559
6.7000 0.95240033758904 0.05009693201537 0.09650466903590
6.8000 0.95192321423941 0.04957211672470 0.09749611137039
6.9000 0.95145132575251 0.04905256287710 0.09847716262793
7.0000 0.95098461449270 0.04853822287936 0.09944792708552
7.1000 0.95052302346097 0.04802904945351 0.10040850807459
7.2000 0.95006649628797 0.04752499563744 0.10135900798734
7.3000 0.94961497722705 0.04702601478561 0.10229952828305
7.4000 0.94916841114746 0.04653206056949 0.10323016949444
7.5000 0.94872674352748 0.04604308697808 0.10415103123400
7.6000 0.94828992044777 0.04555904831823 0.10506221220037
7.7000 0.94785788858471 0.04507989921492 0.10596381018467
7.8000 0.94743059520384 0.04460559461149 0.10685592207690
7.9000 0.94700798815332 0.04413608976979 0.10773864387229
8.0000 0.94659001585754 0.04367134027017 0.10861207067769
8.1000 0.94617662731075 0.04321130201155 0.10947629671793
8.2000 0.94576777207076 0.04275593121131 0.11033141534215
8.3000 0.94536340025272 0.04230518440513 0.11117751903025
8.4000 0.94496346252294 0.04185901844680 0.11201469939919
8.5000 0.94456791009285 0.04141739050796 0.11284304720935
8.6000 0.94417669471291 0.04098025807774 0.11366265237090
8.7000 0.94378976866671 0.04054757896239 0.11447360395015
8.8000 0.94340708476502 0.04011931128483 0.11527599017585
8.9000 0.94302859634000 0.03969541348415 0.11606989844553
9.0000 0.94265425723941 0.03927584431506 0.11685541533183
9.1000 0.94228402182091 0.03886056284726 0.11763262658878
9.2000 0.94191784494641 0.03844952846482 0.11840161715807
9.3000 0.94155568197650 0.03804270086543 0.11916247117538
9.4000 0.94119748876492 0.03764004005969 0.11991527197658
9.5000 0.94084322165311 0.03724150637031 0.12066010210398
9.6000 0.94049283746478 0.03684706043123 0.12139704331261
9.7000 0.94014629350061 0.03645666318678 0.12212617657634
9.8000 0.93980354753293 0.03607027589073 0.12284758209416
9.9000 0.93946455780050 0.03568786010534 0.12356133929626
10.0000 0.93912928300337 0.03530937770036 0.12426752685027
10.1000 0.93879768229774 0.03493479085198 0.12496622266731
10.2000 0.93846971529091 0.03456406204178 0.12565750390815
10.3000 0.93814534203627 0.03419715405558 0.12634144698926
10.4000 0.93782452302839 0.03383402998235 0.12701812758891
10.5000 0.93750721919809 0.03347465321300 0.12768762065317
10.6000 0.93719339190762 0.03311898743922 0.12835000040195
10.7000 0.93688300294587 0.03276699665218 0.12900534033499
10.8000 0.93657601452366 0.03241864514135 0.12965371323782
10.9000 0.93627238926903 0.03207389749315 0.13029519118768
11.0000 0.93597209022264 0.03173271858968 0.13092984555948
11.1000 0.93567508083317 0.03139507360735 0.13155774703162
11.2000 0.93538132495282 0.03106092801556 0.13217896559194
11.3000 0.93509078683280 0.03073024757526 0.13279357054344
11.4000 0.93480343111896 0.03040299833760 0.13340163051019
11.5000 0.93451922284733 0.03007914664247 0.13400321344304
11.6000 0.93423812743989 0.02975865911707 0.13459838662538
11.7000 0.93396011070021 0.02944150267441 0.13518721667887
11.8000 0.93368513880924 0.02912764451189 0.13576976956911
11.9000 0.93341317832114 0.02881705210975 0.13634611061130
12.0000 0.93314419615915 0.02850969322955 0.13691630447590
12.1000 0.93287815961143 0.02820553591267 0.13748041519415
12.2000 0.93261503632710 0.02790454847875 0.13803850616372
12.3000 0.93235479431217 0.02760669952411 0.13859064015421
12.4000 0.93209740192561 0.02731195792019 0.13913687931261
12.5000 0.93184282787542 0.02702029281197 0.13967728516885
12.6000 0.93159104121478 0.02673167361637 0.14021191864118
12.7000 0.93134201133820 0.02644607002062 0.14074084004159
12.8000 0.93109570797775 0.02616345198066 0.14126410908120
12.9000 0.93085210119930 0.02588378971950 0.14178178487559
13.0000 0.93061116139883 0.02560705372558 0.14229392595010
13.1000 0.93037285929875 0.02533321475115 0.14280059024513
13.2000 0.93013716594432 0.02506224381056 0.14330183512134
13.3000 0.92990405270002 0.02479411217865 0.14379771736491
13.4000 0.92967349124604 0.02452879138905 0.14428829319269
13.5000 0.92944545357477 0.02426625323254 0.14477361825734
13.6000 0.92921991198735 0.02400646975531 0.14525374765245
13.7000 0.92899683909021 0.02374941325734 0.14572873591760
13.8000 0.92877620779175 0.02349505629065 0.14619863704341
13.9000 0.92855799129892 0.02324337165767 0.14666350447656
14.0000 0.92834216311394 0.02299433240950 0.14712339112475
14.1000 0.92812869703106 0.02274791184419 0.14757834936164
14.2000 0.92791756713326 0.02250408350511 0.14802843103174
14.3000 0.92770874778909 0.02226282117917 0.14847368745532
14.4000 0.92750221364951 0.02202409889517 0.14891416943323
14.5000 0.92729793964472 0.02178789092206 0.14934992725167
14.6000 0.92709590098110 0.02155417176723 0.14978101068701
14.7000 0.92689607313816 0.02132291617483 0.15020746901051
14.8000 0.92669843186546 0.02109409912404 0.15062935099299
14.9000 0.92650295317966 0.02086769582735 0.15104670490954
15.0000 0.92630961336156 0.02064368172891 0.15145957854411
15.1000 0.92611838895315 0.02042203250274 0.15186801919417
15.2000 0.92592925675475 0.02020272405109 0.15227207367519
15.3000 0.92574219382209 0.01998573250272 0.15267178832524
15.4000 0.92555717746357 0.01977103421118 0.15306720900947
15.5000 0.92537418523737 0.01955860575316 0.15345838112453
15.6000 0.92519319494874 0.01934842392673 0.15384534960307
15.7000 0.92501418464724 0.01914046574969 0.15422815891806
15.8000 0.92483713262405 0.01893470845789 0.15460685308722
15.9000 0.92466201740928 0.01873112950351 0.15498147567729
16.0000 0.92448881776933 0.01852970655339 0.15535206980836
16.1000 0.92431751270427 0.01833041748737 0.15571867815810
16.2000 0.92414808144529 0.01813324039661 0.15608134296603
16.3000 0.92398050345206 0.01793815358191 0.15644010603767
16.4000 0.92381475841028 0.01774513555205 0.15679500874871
16.5000 0.92365082622915 0.01755416502214 0.15714609204916
16.6000 0.92348868703889 0.01736522091196 0.15749339646740
16.7000 0.92332832118829 0.01717828234432 0.15783696211428
16.8000 0.92316970924231 0.01699332864341 0.15817682868715
16.9000 0.92301283197968 0.01681033933317 0.15851303547381
17.0000 0.92285767039053 0.01662929413565 0.15884562135653
17.1000 0.92270420567407 0.01645017296940 0.15917462481591
17.2000 0.92255241923624 0.01627295594784 0.15950008393487
17.3000 0.92240229268746 0.01609762337766 0.15982203640243
17.4000 0.92225380784036 0.01592415575721 0.16014051951757
17.5000 0.92210694670752 0.01575253377491 0.16045557019307
17.6000 0.92196169149930 0.01558273830763 0.16076722495922
17.7000 0.92181802462162 0.01541475041916 0.16107551996760
17.8000 0.92167592867380 0.01524855135859 0.16138049099478
17.9000 0.92153538644646 0.01508412255876 0.16168217344595
18.0000 0.92139638091935 0.01492144563470 0.16198060235864
18.1000 0.92125889525929 0.01476050238207 0.16227581240629
18.2000 0.92112291281811 0.01460127477561 0.16256783790180
18.3000 0.92098841713059 0.01444374496762 0.16285671280115
18.4000 0.92085539191243 0.01428789528641 0.16314247070688
18.5000 0.92072382105830 0.01413370823482 0.16342514487158
18.6000 0.92059368863978 0.01398116648864 0.16370476820135
18.7000 0.92046497890349 0.01383025289516 0.16398137325925
18.8000 0.92033767626910 0.01368095047165 0.16425499226868
18.9000 0.92021176532743 0.01353324240388 0.16452565711676
19.0000 0.92008723083860 0.01338711204464 0.16479339935765
19.1000 0.91996405773010 0.01324254291224 0.16505825021590
19.2000 0.91984223109498 0.01309951868912 0.16532024058968
19.3000 0.91972173619001 0.01295802322031 0.16557940105409
19.4000 0.91960255843387 0.01281804051204 0.16583576186433
19.5000 0.91948468340538 0.01267955473029 0.16608935295893
19.6000 0.91936809684171 0.01254255019935 0.16634020396292
19.7000 0.91925278463665 0.01240701140043 0.16658834419093
19.8000 0.91913873283886 0.01227292297021 0.16683380265033
19.9000 0.91902592765019 0.01214026969948 0.16707660804432
20.0000 0.91891435542396 0.01200903653171 0.16731678877496
20.1000 0.91880400266333 0.01187920856172 0.16755437294619
20.2000 0.91869485601958 0.01175077103423 0.16778938836688
20.3000 0.91858690229054 0.01162370934258 0.16802186255373
20.4000 0.91848012841896 0.01149800902731 0.16825182273428
20.5000 0.91837452149088 0.01137365577484 0.16847929584977
20.6000 0.91827006873408 0.01125063541615 0.16870430855810
20.7000 0.91816675751651 0.01112893392539 0.16892688723660
20.8000 0.91806457534474 0.01100853741865 0.16914705798498
20.9000 0.91796350986244 0.01088943215258 0.16936484662803
21.0000 0.91786354884885 0.01077160452312 0.16958027871849
21.1000 0.91776468021730 0.01065504106421 0.16979337953977
21.2000 0.91766689201375 0.01053972844647 0.17000417410870
21.3000 0.91757017241529 0.01042565347600 0.17021268717822
21.4000 0.91747450972872 0.01031280309306 0.17041894324008
21.5000 0.91737989238910 0.01020116437081 0.17062296652750
21.6000 0.91728630895837 0.01009072451413 0.17082478101778
21.7000 0.91719374812393 0.00998147085829 0.17102441043495
21.8000 0.91710219869725 0.00987339086780 0.17122187825231
21.9000 0.91701164961251 0.00976647213518 0.17141720769501
22.0000 0.91692208992528 0.00966070237971 0.17161042174260
22.1000 0.91683350881111 0.00955606944628 0.17180154313153
22.2000 0.91674589556431 0.00945256130416 0.17199059435761
22.3000 0.91665923959652 0.00935016604586 0.17217759767853
22.4000 0.91657353043555 0.00924887188592 0.17236257511625
22.5000 0.91648875772398 0.00914866715977 0.17254554845944
22.6000 0.91640491121798 0.00904954032258 0.17272653926590
22.7000 0.91632198078602 0.00895147994809 0.17290556886486
22.8000 0.91623995640765 0.00885447472750 0.17308265835941
22.9000 0.91615882817226 0.00875851346833 0.17325782862877
23.0000 0.91607858627791 0.00866358509332 0.17343110033064
23.1000 0.91599922103006 0.00856967863930 0.17360249390343
23.2000 0.91592072284048 0.00847678325609 0.17377202956855
23.3000 0.91584308222601 0.00838488820544 0.17393972733266
23.4000 0.91576628980743 0.00829398285992 0.17410560698985
23.5000 0.91569033630831 0.00820405670183 0.17426968812389
23.6000 0.91561521255391 0.00811509932220 0.17443199011034
23.7000 0.91554090947000 0.00802710041966 0.17459253211873 
23.8000 0.91546741808182 0.00794004979945 0.17475133311472
23.9000 0.91539472951292 0.00785393737236 0.17490841186216
24.0000 0.91532283498416 0.00776875315368 0.17506378692524
24.1000 0.91525172581255 0.00768448726221 0.17521747667048
24.2000 0.91518139341026 0.00760112991926 0.17536949926887
24.3000 0.91511182928355 0.00751867144758 0.17551987269782
24.4000 0.91504302503173 0.00743710227045 0.17566861474323
24.5000 0.91497497234614 0.00735641291063 0.17581574300144
24.6000 0.91490766300914 0.00727659398941 0.17596127488123
24.7000 0.91484108889313 0.00719763622564 0.17610522760574
24.8000 0.91477524195951 0.00711953043475 0.17624761821444
24.9000 0.91471011425775 0.00704226752782 0.17638846356499
25.0000 0.91464569792440 0.00696583851061 0.17652778033521
25.1000 0.91458198518214 0.00689023448266 0.17666558502486
25.2000 0.91451896833882 0.00681544663632 0.17680189395759
25.3000 0.91445663978655 0.00674146625586 0.17693672328270
25.4000 0.91439499200076 0.00666828471654 0.17707008897703
25.5000 0.91433401753926 0.00659589348371 0.17720200684671
25.6000 0.91427370904138 0.00652428411192 0.17733249252895
25.7000 0.91421405922704 0.00645344824402 0.17746156149383
25.8000 0.91415506089589 0.00638337761029 0.17758922904603
25.9000 0.91409670692640 0.00631406402756 0.17771551032658
26.0000 0.91403899027506 0.00624549939836 0.17784042031455
26.1000 0.91398190397542 0.00617767571003 0.17796397382875
26.2000 0.91392544113734 0.00611058503391 0.17808618552943
26.3000 0.91386959494611 0.00604421952446 0.17820706991992
26.4000 0.91381435866163 0.00597857141845 0.17832664134829
26.5000 0.91375972561756 0.00591363303415 0.17844491400897
26.6000 0.91370568922058 0.00584939677045 0.17856190194438
26.7000 0.91365224294950 0.00578585510612 0.17867761904650
26.8000 0.91359938035455 0.00572300059895 0.17879207905848
26.9000 0.91354709505654 0.00566082588498 0.17890529557618
27.0000 0.91349538074611 0.00559932367771 0.17901728204973
27.1000 0.91344423118296 0.00553848676730 0.17912805178508
27.2000 0.91339364019509 0.00547830801983 0.17923761794548
27.3000 0.91334360167805 0.00541878037647 0.17934599355301
27.4000 0.91329410959419 0.00535989685280 0.17945319149006
27.5000 0.91324515797195 0.00530165053798 0.17955922450082
27.6000 0.91319674090512 0.00524403459405 0.17966410519270
27.7000 0.91314885255212 0.00518704225518 0.17976784603781
27.8000 0.91310148713528 0.00513066682691 0.17987045937435
27.9000 0.91305463894019 0.00507490168547 0.17997195740805
28.0000 0.91300830231493 0.00501974027702 0.18007235221359
28.1000 0.91296247166944 0.00496517611696 0.18017165573593
28.2000 0.91291714147484 0.00491120278922 0.18026987979172
28.3000 0.91287230626273 0.00485781394555 0.18036703607063
28.4000 0.91282796062453 0.00480500330484 0.18046313613673
28.5000 0.91278409921085 0.00475276465242 0.18055819142978
28.6000 0.91274071673083 0.00470109183939 0.18065221326656
28.7000 0.91269780795148 0.00464997878195 0.18074521284220
28.8000 0.91265536769707 0.00459941946073 0.18083720123142
28.9000 0.91261339084848 0.00454940792010 0.18092818938982
29.0000 0.91257187234260 0.00449993826759 0.18101818815517
29.1000 0.91253080717169 0.00445100467314 0.18110720824863
29.2000 0.91249019038282 0.00440260136854 0.18119526027600
29.3000 0.91245001707721 0.00435472264678 0.18128235472894
29.4000 0.91241028240968 0.00430736286138 0.18136850198617
29.5000 0.91237098158803 0.00426051642580 0.18145371231468
29.6000 0.91233210987250 0.00421417781282 0.18153799587094
29.7000 0.91229366257514 0.00416834155392 0.18162136270202
29.8000 0.91225563505931 0.00412300223867 0.18170382274679
29.9000 0.91221802273905 0.00407815451415 0.18178538583707
30.0000 0.91218082107858 0.00403379308434 0.18186606169876
30.1000 0.91214402559170 0.00398991270953 0.18194585995295
30.2000 0.91210763184130 0.00394650820575 0.18202479011707
30.3000 0.91207163543876 0.00390357444417 0.18210286160595
30.4000 0.91203603204349 0.00386110635056 0.18218008373296
30.5000 0.91200081736234 0.00381909890470 0.18225646571106
30.6000 0.91196598714911 0.00377754713983 0.18233201665385
30.7000 0.91193153720405 0.00373644614210 0.18240674557669
30.8000 0.91189746337330 0.00369579105000 0.18248066139769
30.9000 0.91186376154847 0.00365557705384 0.18255377293877
31.0000 0.91183042766604 0.00361579939519 0.18262608892668
31.1000 0.91179745770695 0.00357645336637 0.18269761799400
31.2000 0.91176484769608 0.00353753430992 0.18276836868020
31.3000 0.91173259370177 0.00349903761803 0.18283834943256
31.4000 0.91170069183534 0.00346095873210 0.18290756860720
31.5000 0.91166913825063 0.00342329314216 0.18297603447005
31.6000 0.91163792914354 0.00338603638641 0.18304375519778
31.7000 0.91160706075155 0.00334918405067 0.18311073887879
31.8000 0.91157652935327 0.00331273176794 0.18317699351415
31.9000 0.91154633126799 0.00327667521786 0.18324252701850
32.0000 0.91151646285525 0.00324101012624 0.18330734722103
32.1000 0.91148692051439 0.00320573226458 0.18337146186632
32.2000 0.91145770068409 0.00317083744959 0.18343487861531
32.3000 0.91142879984198 0.00313632154271 0.18349760504617
32.4000 0.91140021450419 0.00310218044965 0.18355964865516
32.5000 0.91137194122491 0.00306841011993 0.18362101685756
32.6000 0.91134397659604 0.00303500654640 0.18368171698849
32.7000 0.91131631724669 0.00300196576482 0.18374175630378
32.8000 0.91128895984284 0.00296928385338 0.18380114198085
32.9000 0.91126190108689 0.00293695693226 0.18385988111950
33.0000 0.91123513771732 0.00290498116319 0.18391798074276
33.1000 0.91120866650822 0.00287335274903 0.18397544779774
33.2000 0.91118248426895 0.00284206793331 0.18403228915641
33.3000 0.91115658784375 0.00281112299985 0.18408851161640
33.4000 0.91113097411134 0.00278051427225 0.18414412190185
33.5000 0.91110563998457 0.00275023811358 0.18419912666412
33.6000 0.91108058241000 0.00272029092588 0.18425353248264
33.7000 0.91105579836759 0.00269066914977 0.18430734586563
33.8000 0.91103128487029 0.00266136926408 0.18436057325091
33.9000 0.91100703896369 0.00263238778540 0.18441322100662
34.0000 0.91098305772567 0.00260372126771 0.18446529543198
34.1000 0.91095933826605 0.00257536630197 0.18451680275802
34.2000 0.91093587772623 0.00254731951576 0.18456774914833
34.3000 0.91091267327884 0.00251957757283 0.18461814069979
34.4000 0.91088972212741 0.00249213717280 0.18466798344324
34.5000 0.91086702150604 0.00246499505071 0.18471728334426
34.6000 0.91084456867905 0.00243814797670 0.18476604630379
34.7000 0.91082236094062 0.00241159275558 0.18481427815890
34.8000 0.91080039561455 0.00238532622655 0.18486198468343
34.9000 0.91077867005384 0.00235934526272 0.18490917158869
35.0000 0.91075718164044 0.00233364677087 0.18495584452411
35.1000 0.91073592778488 0.00230822769102 0.18500200907793
35.2000 0.91071490592600 0.00228308499607 0.18504767077785
35.3000 0.91069411353063 0.00225821569153 0.18509283509168
35.4000 0.91067354809325 0.00223361681507 0.18513750742798
35.5000 0.91065320713575 0.00220928543627 0.18518169313671
35.6000 0.91063308820707 0.00218521865622 0.18522539750983
35.7000 0.91061318888294 0.00216141360723 0.18526862578197
35.8000 0.91059350676556 0.00213786745246 0.18531138313102
35.9000 0.91057403948336 0.00211457738562 0.18535367467874
36.0000 0.91055478469064 0.00209154063062 0.18539550549135
36.1000 0.91053574006736 0.00206875444130 0.18543688058017
36.2000 0.91051690331879 0.00204621610103 0.18547780490220
36.3000 0.91049827217531 0.00202392292249 0.18551828336065
36.4000 0.91047984439208 0.00200187224728 0.18555832080559
36.5000 0.91046161774875 0.00198006144566 0.18559792203450
36.6000 0.91044359004928 0.00195848791621 0.18563709179283
36.7000 0.91042575912159 0.00193714908558 0.18567583477454
36.8000 0.91040812281732 0.00191604240814 0.18571415562270
36.9000 0.91039067901160 0.00189516536570 0.18575205893002
37.0000 0.91037342560276 0.00187451546722 0.18578954923936
37.1000 0.91035636051209 0.00185409024855 0.18582663104433
37.2000 0.91033948168358 0.00183388727209 0.18586330878977
37.3000 0.91032278708369 0.00181390412653 0.18589958687230
37.4000 0.91030627470109 0.00179413842660 0.18593546964084
37.5000 0.91028994254642 0.00177458781275 0.18597096139709
37.6000 0.91027378865204 0.00175524995087 0.18600606639611
37.7000 0.91025781107181 0.00173612253208 0.18604078884675
37.8000 0.91024200788085 0.00171720327240 0.18607513291220
37.9000 0.91022637717530 0.00169848991250 0.18610910271045
38.0000 0.91021091707211 0.00167998021744 0.18614270231480
38.1000 0.91019562570876 0.00166167197644 0.18617593575433
38.2000 0.91018050124312 0.00164356300255 0.18620880701438
38.3000 0.91016554185315 0.00162565113248 0.18624132003703
38.4000 0.91015074573671 0.00160793422627 0.18627347872155
38.5000 0.91013611111136 0.00159041016709 0.18630528692489
38.6000 0.91012163621411 0.00157307686100 0.18633674846211
38.7000 0.91010731930124 0.00155593223664 0.18636786710685
38.8000 0.91009315864807 0.00153897424508 0.18639864659175
38.9000 0.91007915254876 0.00152220085950 0.18642909060894
39.0000 0.91006529931607 0.00150561007499 0.18645920281044
39.1000 0.91005159728124 0.00148919990832 0.18648898680860
39.2000 0.91003804479369 0.00147296839771 0.18651844617656
39.3000 0.91002464022088 0.00145691360256 0.18654758444861
39.4000 0.91001138194811 0.00144103360328 0.18657640512068
39.5000 0.90999826837830 0.00142532650102 0.18660491165070
39.6000 0.90998529793182 0.00140979041748 0.18663310745905
39.7000 0.90997246904629 0.00139442349466 0.18666099592894
39.8000 0.90995978017639 0.00137922389467 0.18668858040683
39.9000 0.90994722979367 0.00136418979950 0.18671586420282
40.0000 0.90993481638638 0.00134931941080 0.18674285059104
40.1000 0.90992253845928 0.00133461094968 0.18676954281003
40.2000 0.90991039453345 0.00132006265652 0.18679594406316
40.3000 0.90989838314612 0.00130567279072 0.18682205751898
40.4000 0.90988650285051 0.00129143963052 0.18684788631159
40.5000 0.90987475221562 0.00127736147280 0.18687343354104
40.6000 0.90986312982608 0.00126343663288 0.18689870227370
40.7000 0.90985163428199 0.00124966344431 0.18692369554259
40.8000 0.90984026419872 0.00123604025869 0.18694841634776
40.9000 0.90982901820676 0.00122256544548 0.18697286765667
41.0000 0.90981789495157 0.00120923739176 0.18699705240451
41.1000 0.90980689309339 0.00119605450210 0.18702097349455
41.2000 0.90979601130709 0.00118301519837 0.18704463379851
41.3000 0.90978524828200 0.00117011791949 0.18706803615690
41.4000 0.90977460272178 0.00115736112132 0.18709118337933
41.5000 0.90976407334424 0.00114474327643 0.18711407824486
41.6000 0.90975365888117 0.00113226287397 0.18713672350234
41.7000 0.90974335807825 0.00111991841941 0.18715912187073
41.8000 0.90973316969481 0.00110770843446 0.18718127603942
41.9000 0.90972309250376 0.00109563145682 0.18720318866855
42.0000 0.90971312529139 0.00108368604006 0.18722486238935
42.1000 0.90970326685725 0.00107187075340 0.18724629980442
42.2000 0.90969351601399 0.00106018418159 0.18726750348805
42.3000 0.90968387158723 0.00104862492472 0.18728847598655
42.4000 0.90967433241542 0.00103719159804 0.18730921981851
42.5000 0.90966489734967 0.00102588283182 0.18732973747514
42.6000 0.90965556525366 0.00101469727119 0.18735003142057
42.7000 0.90964633500346 0.00100363357597 0.18737010409209
42.8000 0.90963720548742 0.00099269042049 0.18738995790050
42.9000 0.90962817560602 0.00098186649348 0.18740959523037
43.0000 0.90961924427175 0.00097116049788 0.18742901844033
43.1000 0.90961041040897 0.00096057115070 0.18744822986334
43.2000 0.90960167295378 0.00095009718288 0.18746723180700
43.3000 0.90959303085391 0.00093973733909 0.18748602655378
43.4000 0.90958448306857 0.00092949037765 0.18750461636133
43.5000 0.90957602856832 0.00091935507035 0.18752300346274
43.6000 0.90956766633498 0.00090933020228 0.18754119006678
43.7000 0.90955939536148 0.00089941457173 0.18755917835822
43.8000 0.90955121465174 0.00088960699004 0.18757697049802
43.9000 0.90954312322056 0.00087990628142 0.18759456862365
44.0000 0.90953512009349 0.00087031128286 0.18761197484930
44.1000 0.90952720430672 0.00086082084398 0.18762919126618
44.2000 0.90951937490696 0.00085143382686 0.18764621994272
44.3000 0.90951163095134 0.00084214910594 0.18766306292484
44.4000 0.90950397150727 0.00083296556789 0.18767972223620
44.5000 0.90949639565235 0.00082388211145 0.18769619987843
44.6000 0.90948890247424 0.00081489764733 0.18771249783137
44.7000 0.90948149107057 0.00080601109805 0.18772861805333
44.8000 0.90947416054882 0.00079722139784 0.18774456248129
44.9000 0.90946691002620 0.00078852749250 0.18776033303114
45.0000 0.90945973862958 0.00077992833927 0.18777593159793
45.1000 0.90945264549535 0.00077142290672 0.18779136005606
45.2000 0.90944562976931 0.00076301017462 0.18780662025955
45.3000 0.90943869060663 0.00075468913382 0.18782171404223
45.4000 0.90943182717165 0.00074645878612 0.18783664321795
45.5000 0.90942503863787 0.00073831814417 0.18785140958084
45.6000 0.90941832418780 0.00073026623136 0.18786601490546
45.7000 0.90941168301288 0.00072230208166 0.18788046094710
45.8000 0.90940511431336 0.00071442473954 0.18789474944189
45.9000 0.90939861729824 0.00070663325987 0.18790888210709
46.0000 0.90939219118515 0.00069892670777 0.18792286064124
46.1000 0.90938583520025 0.00069130415851 0.18793668672441
46.2000 0.90937954857815 0.00068376469744 0.18795036201836
46.3000 0.90937333056183 0.00067630741981 0.18796388816676
46.4000 0.90936718040252 0.00066893143072 0.18797726679537
46.5000 0.90936109735963 0.00066163584500 0.18799049951227
46.6000 0.90935508070065 0.00065441978708 0.18800358790801
46.7000 0.90934912970107 0.00064728239092 0.18801653355583
46.8000 0.90934324364428 0.00064022279989 0.18802933801183
46.9000 0.90933742182151 0.00063324016667 0.18804200281516
47.0000 0.90933166353170 0.00062633365314 0.18805452948822
47.1000 0.90932596808147 0.00061950243030 0.18806691953683
47.2000 0.90932033478500 0.00061274567817 0.18807917445039
47.3000 0.90931476296395 0.00060606258566 0.18809129570211
47.4000 0.90930925194739 0.00059945235051 0.18810328474912
47.5000 0.90930380107170 0.00059291417918 0.18811514303270
47.6000 0.90929840968053 0.00058644728677 0.18812687197844
47.7000 0.90929307712468 0.00058005089688 0.18813847299637
47.8000 0.90928780276203 0.00057372424159 0.18814994748120
47.9000 0.90928258595748 0.00056746656131 0.18816129681243
48.0000 0.90927742608286 0.00056127710471 0.18817252235453
48.1000 0.90927232251685 0.00055515512863 0.18818362545710
48.2000 0.90926727464492 0.00054909989799 0.18819460745506
48.3000 0.90926228185924 0.00054311068570 0.18820546966877
48.4000 0.90925734355862 0.00053718677260 0.18821621340422
48.5000 0.90925245914845 0.00053132744733 0.18822683995317
48.6000 0.90924762804057 0.00052553200626 0.18823735059330
48.7000 0.90924284965326 0.00051979975344 0.18824774658836
48.8000 0.90923812341117 0.00051413000046 0.18825802918837
48.9000 0.90923344874520 0.00050852206642 0.18826819962970
49.0000 0.90922882509248 0.00050297527781 0.18827825913526
49.1000 0.90922425189627 0.00049748896847 0.18828820891463
49.2000 0.90921972860592 0.00049206247945 0.18829805016422
49.3000 0.90921525467678 0.00048669515900 0.18830778406740
49.4000 0.90921082957015 0.00048138636245 0.18831741179465
49.5000 0.90920645275321 0.00047613545214 0.18832693450369
49.6000 0.90920212369896 0.00047094179735 0.18833635333964
49.7000 0.90919784188614 0.00046580477423 0.18834566943512
49.8000 0.90919360679918 0.00046072376570 0.18835488391043
49.9000 0.90918941792816 0.00045569816141 0.18836399787366
50.0000 0.90918527476870 0.00045072735764 0.18837301242082
50.1000 0.90918117682193 0.00044581075725 0.18838192863596
50.2000 0.90917712359444 0.00044094776960 0.18839074759135
50.3000 0.90917311459819 0.00043613781045 0.18839947034756
50.4000 0.90916914935048 0.00043138030196 0.18840809795360
50.5000 0.90916522737386 0.00042667467254 0.18841663144705
50.6000 0.90916134819610 0.00042202035685 0.18842507185419
50.7000 0.90915751135013 0.00041741679568 0.18843342019010
50.8000 0.90915371637398 0.00041286343592 0.18844167745882
50.9000 0.90914996281071 0.00040835973047 0.18844984465343
51.0000 0.90914625020837 0.00040390513820 0.18845792275619
51.1000 0.90914257811996 0.00039949912385 0.18846591273867
51.2000 0.90913894610332 0.00039514115801 0.18847381556183
51.3000 0.90913535372116 0.00039083071701 0.18848163217617
51.4000 0.90913180054094 0.00038656728289 0.18848936352183
51.5000 0.90912828613484 0.00038235034333 0.18849701052869
51.6000 0.90912481007972 0.00037817939159 0.18850457411653
51.7000 0.90912137195704 0.00037405392643 0.18851205519506
51.8000 0.90911797135285 0.00036997345209 0.18851945466410
51.9000 0.90911460785771 0.00036593747819 0.18852677341366
52.0000 0.90911128106664 0.00036194551970 0.18853401232405
52.1000 0.90910799057909 0.00035799709685 0.18854117226599
52.2000 0.90910473599888 0.00035409173513 0.18854825410069
52.3000 0.90910151693414 0.00035022896516 0.18855525868000
52.4000 0.90909833299731 0.00034640832269 0.18856218684645
52.5000 0.90909518380502 0.00034262934853 0.18856903943342
52.6000 0.90909206897812 0.00033889158846 0.18857581726519
52.7000 0.90908898814156 0.00033519459324 0.18858252115706
52.8000 0.90908594092443 0.00033153791852 0.18858915191543
52.9000 0.90908292695982 0.00032792112475 0.18859571033792
53.0000 0.90907994588486 0.00032434377722 0.18860219721347
53.1000 0.90907699734063 0.00032080544591 0.18860861332238
53.2000 0.90907408097211 0.00031730570550 0.18861495943649
53.3000 0.90907119642819 0.00031384413532 0.18862123631920
53.4000 0.90906834336155 0.00031042031925 0.18862744472559
53.5000 0.90906552142870 0.00030703384572 0.18863358540250
53.6000 0.90906273028987 0.00030368430763 0.18863965908865
53.7000 0.90905996960901 0.00030037130234 0.18864566651470 
53.8000 0.90905723905374 0.00029709443156 0.18865160840333
53.9000 0.90905453829530 0.00029385330137 0.18865748546936
54.0000 0.90905186700853 0.00029064752211 0.18866329841980
54.1000 0.90904922487180 0.00028747670840 0.18866904795397
54.2000 0.90904661156701 0.00028434047902 0.18867473476355
54.3000 0.90904402677952 0.00028123845693 0.18868035953269
54.4000 0.90904147019813 0.00027817026918 0.18868592293807
54.5000 0.90903894151503 0.00027513554690 0.18869142564901
54.6000 0.90903644042576 0.00027213392523 0.18869686832751
54.7000 0.90903396662922 0.00026916504327 0.18870225162838
54.8000 0.90903151982755 0.00026622854408 0.18870757619926
54.9000 0.90902909972617 0.00026332407457 0.18871284268075
55.0000 0.90902670603370 0.00026045128555 0.18871805170646
55.1000 0.90902433846196 0.00025760983158 0.18872320390309
55.2000 0.90902199672589 0.00025479937101 0.18872829989051
55.3000 0.90901968054356 0.00025201956592 0.18873334028183
55.4000 0.90901738963611 0.00024927008206 0.18873832568347
55.5000 0.90901512372772 0.00024655058881 0.18874325669525
55.6000 0.90901288254558 0.00024386075917 0.18874813391043
55.7000 0.90901066581986 0.00024120026971 0.18875295791583
55.8000 0.90900847328368 0.00023856880049 0.18875772929184
55.9000 0.90900630467307 0.00023596603509 0.18876244861254
56.0000 0.90900415972694 0.00023339166053 0.18876711644575
56.1000 0.90900203818703 0.00023084536722 0.18877173335309
56.2000 0.90899993979794 0.00022832684897 0.18877629989007
56.3000 0.90899786430702 0.00022583580291 0.18878081660613
56.4000 0.90899581146439 0.00022337192947 0.18878528404472
56.5000 0.90899378102291 0.00022093493237 0.18878970274337
56.6000 0.90899177273812 0.00021852451852 0.18879407323374
56.7000 0.90898978636822 0.00021614039804 0.18879839604170
56.8000 0.90898782167408 0.00021378228422 0.18880267168738
56.9000 0.90898587841915 0.00021144989347 0.18880690068525
57.0000 0.90898395636948 0.00020914294527 0.18881108354416
57.1000 0.90898205529366 0.00020686116218 0.18881522076740
57.2000 0.90898017496282 0.00020460426978 0.18881931285280
57.3000 0.90897831515057 0.00020237199663 0.18882336029273
57.4000 0.90897647563300 0.00020016407427 0.18882736357422
57.5000 0.90897465618865 0.00019798023713 0.18883132317896
57.6000 0.90897285659847 0.00019582022257 0.18883523958341
57.7000 0.90897107664580 0.00019368377079 0.18883911325883
57.8000 0.90896931611635 0.00019157062483 0.18884294467132
57.9000 0.90896757479815 0.00018948053053 0.18884673428193
58.0000 0.90896585248157 0.00018741323650 0.18885048254666
58.1000 0.90896414895924 0.00018536849409 0.18885418991654
58.2000 0.90896246402609 0.00018334605737 0.18885785683769
58.3000 0.90896079747925 0.00018134568306 0.18886148375135
58.4000 0.90895914911808 0.00017936713057 0.18886507109396
58.5000 0.90895751874414 0.00017741016190 0.18886861929720
58.6000 0.90895590616113 0.00017547454167 0.18887212878804
58.7000 0.90895431117492 0.00017356003704 0.18887559998878
58.8000 0.90895273359348 0.00017166641774 0.18887903331713
58.9000 0.90895117322689 0.00016979345598 0.18888242918625
59.0000 0.90894962988728 0.00016794092647 0.18888578800478
59.1000 0.90894810338885 0.00016610860637 0.18888911017691
59.2000 0.90894659354782 0.00016429627527 0.18889239610241
59.3000 0.90894510018242 0.00016250371517 0.18889564617672
59.4000 0.90894362311286 0.00016073071042 0.18889886079093
59.5000 0.90894216216132 0.00015897704775 0.18890204033188
59.6000 0.90894071715191 0.00015724251621 0.18890518518220
59.7000 0.90893928791065 0.00015552690714 0.18890829572035
59.8000 0.90893787426549 0.00015383001416 0.18891137232063
59.9000 0.90893647604623 0.00015215163314 0.18891441535329
60.0000 0.90893509308454 0.00015049156217 0.18891742518454
60.1000 0.90893372521392 0.00014884960155 0.18892040217657
60.2000 0.90893237226969 0.00014722555374 0.18892334668764
60.3000 0.90893103408897 0.00014561922339 0.18892625907211
60.4000 0.90892971051066 0.00014403041723 0.18892913968046
60.5000 0.90892840137540 0.00014245894414 0.18893198885934
60.6000 0.90892710652560 0.00014090461506 0.18893480695164
60.7000 0.90892582580536 0.00013936724300 0.18893759429650
60.8000 0.90892455906049 0.00013784664301 0.18894035122936
60.9000 0.90892330613850 0.00013634263214 0.18894307808200
61.0000 0.90892206688854 0.00013485502946 0.18894577518259
61.1000 0.90892084116142 0.00013338365599 0.18894844285571
61.2000 0.90891962880957 0.00013192833472 0.18895108142241
61.3000 0.90891842968704 0.00013048889055 0.18895369120022
61.4000 0.90891724364947 0.00012906515032 0.18895627250322
61.5000 0.90891607055406 0.00012765694272 0.18895882564208
61.6000 0.90891491025959 0.00012626409833 0.18896135092404
61.7000 0.90891376262638 0.00012488644958 0.18896384865304
61.8000 0.90891262751625 0.00012352383072 0.18896631912965
61.9000 0.90891150479255 0.00012217607780 0.18896876265121
62.0000 0.90891039432013 0.00012084302867 0.18897117951178
62.1000 0.90890929596528 0.00011952452294 0.18897357000224
62.2000 0.90890820959578 0.00011822040198 0.18897593441028
62.3000 0.90890713508084 0.00011693050888 0.18897827302046
62.4000 0.90890607229110 0.00011565468844 0.18898058611422
62.5000 0.90890502109861 0.00011439278716 0.18898287396997
62.6000 0.90890398137683 0.00011314465320 0.18898513686303
62.7000 0.90890295300057 0.00011191013640 0.18898737506576
62.8000 0.90890193584604 0.00011068908820 0.18898958884752
62.9000 0.90890092979077 0.00010948136171 0.18899177847476
63.0000 0.90889993471366 0.00010828681159 0.18899394421099
63.1000 0.90889895049490 0.00010710529411 0.18899608631687
63.2000 0.90889797701600 0.00010593666713 0.18899820505021
63.3000 0.90889701415978 0.00010478079001 0.18900030066601
63.4000 0.90889606181031 0.00010363752368 0.18900237341649
63.5000 0.90889511985293 0.00010250673058 0.18900442355110
63.6000 0.90889418817426 0.00010138827464 0.18900645131659
63.7000 0.90889326666213 0.00010028202128 0.18900845695702
63.8000 0.90889235520559 0.00009918783739 0.18901044071377
63.9000 0.90889145369492 0.00009810559132 0.18901240282559
64.0000 0.90889056202158 0.00009703515283 0.18901434352865
64.1000 0.90888968007824 0.00009597639312 0.18901626305651
64.2000 0.90888880775870 0.00009492918479 0.18901816164021
64.3000 0.90888794495797 0.00009389340183 0.18902003950824
64.4000 0.90888709157216 0.00009286891960 0.18902189688664
64.5000 0.90888624749853 0.00009185561483 0.18902373399893
64.6000 0.90888541263548 0.00009085336558 0.18902555106624
64.7000 0.90888458688250 0.00008986205126 0.18902734830727
64.8000 0.90888377014016 0.00008888155257 0.18902912593832
64.9000 0.90888296231016 0.00008791175152 0.18903088417335
65.0000 0.90888216329523 0.00008695253142 0.18903262322398
65.1000 0.90888137299918 0.00008600377684 0.18903434329952
65.2000 0.90888059132687 0.00008506537361 0.18903604460699
65.3000 0.90887981818420 0.00008413720881 0.18903772735116
65.4000 0.90887905347809 0.00008321917075 0.18903939173458
65.5000 0.90887829711648 0.00008231114894 0.18904103795756
65.6000 0.90887754900831 0.00008141303413 0.18904266621824
65.7000 0.90887680906352 0.00008052471824 0.18904427671261
65.8000 0.90887607719303 0.00007964609436 0.18904586963449
65.9000 0.90887535330873 0.00007877705678 0.18904744517563
66.0000 0.90887463732348 0.00007791750089 0.18904900352565
66.1000 0.90887392915108 0.00007706732328 0.18905054487211
66.2000 0.90887322870627 0.00007622642162 0.18905206940054
66.3000 0.90887253590473 0.00007539469473 0.18905357729444
66.4000 0.90887185066305 0.00007457204251 0.18905506873529
66.5000 0.90887117289875 0.00007375836596 0.18905654390261
66.6000 0.90887050253022 0.00007295356717 0.18905800297395
66.7000 0.90886983947677 0.00007215754928 0.18905944612494
66.8000 0.90886918365857 0.00007137021649 0.18906087352927
66.9000 0.90886853499667 0.00007059147407 0.18906228535875
67.0000 0.90886789341297 0.00006982122828 0.18906368178331
67.1000 0.90886725883024 0.00006905938644 0.18906506297104
67.2000 0.90886663117209 0.00006830585687 0.18906642908818
67.3000 0.90886601036295 0.00006756054887 0.18906778029916
67.4000 0.90886539632808 0.00006682337276 0.18906911676661
67.5000 0.90886478899357 0.00006609423981 0.18907043865141
67.6000 0.90886418828630 0.00006537306229 0.18907174611265
67.7000 0.90886359413395 0.00006465975340 0.18907303930772
67.8000 0.90886300646499 0.00006395422729 0.18907431839227
67.9000 0.90886242520868 0.00006325639906 0.18907558352025
68.0000 0.90886185029503 0.00006256618472 0.18907683484394
68.1000 0.90886128165485 0.00006188350121 0.18907807251397
68.2000 0.90886071921967 0.00006120826636 0.18907929667930
68.3000 0.90886016292178 0.00006054039893 0.18908050748727
68.4000 0.90885961269421 0.00005987981852 0.18908170508364
68.5000 0.90885906847072 0.00005922644563 0.18908288961256
68.6000 0.90885853018580 0.00005858020164 0.18908406121659
68.7000 0.90885799777464 0.00005794100877 0.18908522003677
68.8000 0.90885747117315 0.00005730879009 0.18908636621257
68.9000 0.90885695031793 0.00005668346950 0.18908749988196
69.0000 0.90885643514628 0.00005606497177 0.18908862118139
69.1000 0.90885592559617 0.00005545322244 0.18908973024584
69.2000 0.90885542160627 0.00005484814788 0.18909082720880
69.3000 0.90885492311591 0.00005424967529 0.18909191220230
69.4000 0.90885443006506 0.00005365773263 0.18909298535696
69.5000 0.90885394239438 0.00005307224866 0.18909404680193
69.6000 0.90885346004516 0.00005249315291 0.18909509666499
69.7000 0.90885298295932 0.00005192037569 0.18909613507250
69.8000 0.90885251107944 0.00005135384806 0.18909716214946
69.9000 0.90885204434870 0.00005079350183 0.18909817801950
70.0000 0.90885158271092 0.00005023926958 0.18909918280489
70.1000 0.90885112611053 0.00004969108458 0.18910017662658
70.2000 0.90885067449254 0.00004914888087 0.18910115960420
70.3000 0.90885022780261 0.00004861259319 0.18910213185606
70.4000 0.90884978598694 0.00004808215699 0.18910309349920
70.5000 0.90884934899236 0.00004755750843 0.18910404464937
70.6000 0.90884891676626 0.00004703858437 0.18910498542106
70.7000 0.90884848925659 0.00004652532235 0.18910591592751
70.8000 0.90884806641190 0.00004601766059 0.18910683628072
70.9000 0.90884764818129 0.00004551553800 0.18910774659148
71.0000 0.90884723451439 0.00004501889413 0.18910864696936
71.1000 0.90884682536142 0.00004452766922 0.18910953752275
71.2000 0.90884642067311 0.00004404180415 0.18911041835883
71.3000 0.90884602040075 0.00004356124042 0.18911128958364
71.4000 0.90884562449615 0.00004308592022 0.18911215130204
71.5000 0.90884523291165 0.00004261578631 0.18911300361777
71.6000 0.90884484560010 0.00004215078213 0.18911384663341
71.7000 0.90884446251489 0.00004169085170 0.18911468045044
71.8000 0.90884408360990 0.00004123593966 0.18911550516924
71.9000 0.90884370883950 0.00004078599126 0.18911632088906
72.0000 0.90884333815858 0.00004034095236 0.18911712770811
72.1000 0.90884297152252 0.00003990076937 0.18911792572350
72.2000 0.90884260888719 0.00003946538932 0.18911871503128
72.3000 0.90884225020891 0.00003903475980 0.18911949572648
72.4000 0.90884189544452 0.00003860882900 0.18912026790306
72.5000 0.90884154455131 0.00003818754563 0.18912103165397
72.6000 0.90884119748703 0.00003777085900 0.18912178707115
72.7000 0.90884085420990 0.00003735871895 0.18912253424553
72.8000 0.90884051467860 0.00003695107587 0.18912327326705
72.9000 0.90884017885225 0.00003654788070 0.18912400422466
73.0000 0.90883984669043 0.00003614908491 0.18912472720636
73.1000 0.90883951815314 0.00003575464050 0.18912544229917
73.2000 0.90883919320084 0.00003536449999 0.18912614958917
73.3000 0.90883887179440 0.00003497861643 0.18912684916150
73.4000 0.90883855389514 0.00003459694336 0.18912754110037
73.5000 0.90883823946478 0.00003421943485 0.18912822548906
73.6000 0.90883792846547 0.00003384604547 0.18912890240997
73.7000 0.90883762085977 0.00003347673025 0.18912957194458
73.8000 0.90883731661065 0.00003311144477 0.18913023417347
73.9000 0.90883701568149 0.00003275014504 0.18913088917637
74.0000 0.90883671803605 0.00003239278758 0.18913153703213
74.1000 0.90883642363850 0.00003203932938 0.18913217781871
74.2000 0.90883613245340 0.00003168972788 0.18913281161327
74.3000 0.90883584444571 0.00003134394102 0.18913343849209
74.4000 0.90883555958074 0.00003100192717 0.18913405853063
74.5000 0.90883527782420 0.00003066364517 0.18913467180354
74.6000 0.90883499914217 0.00003032905429 0.18913527838462
74.7000 0.90883472350111 0.00002999811426 0.18913587834691
74.8000 0.90883445086783 0.00002967078526 0.18913647176261
74.9000 0.90883418120952 0.00002934702787 0.18913705870317
75.0000 0.90883391449369 0.00002902680313 0.18913763923923
75.1000 0.90883365068826 0.00002871007250 0.18913821344068
75.2000 0.90883338976146 0.00002839679785 0.18913878137664
75.3000 0.90883313168188 0.00002808694148 0.18913934311547
75.4000 0.90883287641845 0.00002778046608 0.18913989872479
75.5000 0.90883262394044 0.00002747733476 0.18914044827149
75.6000 0.90883237421746 0.00002717751105 0.18914099182171
75.7000 0.90883212721944 0.00002688095885 0.18914152944089
75.8000 0.90883188291665 0.00002658764246 0.18914206119374
75.9000 0.90883164127968 0.00002629752658 0.18914258714427
76.0000 0.90883140227944 0.00002601057629 0.18914310735579
76.1000 0.90883116588715 0.00002572675705 0.18914362189093
76.2000 0.90883093207437 0.00002544603470 0.18914413081163
76.3000 0.90883070081293 0.00002516837544 0.18914463417914
76.4000 0.90883047207501 0.00002489374585 0.18914513205405
76.5000 0.90883024583306 0.00002462211288 0.18914562449631
76.6000 0.90883002205985 0.00002435344384 0.18914611156519
76.7000 0.90882980072844 0.00002408770637 0.18914659331932
76.8000 0.90882958181219 0.00002382486849 0.18914706981669
76.9000 0.90882936528474 0.00002356489858 0.18914754111466
77.0000 0.90882915112002 0.00002330776532 0.18914800726996
77.1000 0.90882893929225 0.00002305343778 0.18914846833872
77.2000 0.90882872977594 0.00002280188534 0.18914892437643
77.3000 0.90882852254585 0.00002255307772 0.18914937543798
77.4000 0.90882831757705 0.00002230698497 0.18914982157768
77.5000 0.90882811484486 0.00002206357747 0.18915026284923
77.6000 0.90882791432486 0.00002182282591 0.18915069930575
77.7000 0.90882771599293 0.00002158470133 0.18915113099977
77.8000 0.90882751982518 0.00002134917505 0.18915155798327
77.9000 0.90882732579800 0.00002111621873 0.18915198030765
78.0000 0.90882713388803 0.00002088580432 0.18915239802374
78.1000 0.90882694407218 0.00002065790409 0.18915281118182
78.2000 0.90882675632758 0.00002043249060 0.18915321983163
78.3000 0.90882657063164 0.00002020953673 0.18915362402236
78.4000 0.90882638696200 0.00001998901564 0.18915402380268
78.5000 0.90882620529655 0.00001977090077 0.18915441922069
78.6000 0.90882602561342 0.00001955516589 0.18915481032401
78.7000 0.90882584789099 0.00001934178500 0.18915519715971
78.8000 0.90882567210784 0.00001913073245 0.18915557977436
78.9000 0.90882549824284 0.00001892198281 0.18915595821401
79.0000 0.90882532627503 0.00001871551095 0.18915633252423
79.1000 0.90882515618373 0.00001851129204 0.18915670275007
79.2000 0.90882498794845 0.00001830930148 0.18915706893610
79.3000 0.90882482154894 0.00001810951495 0.18915743112640
79.4000 0.90882465696518 0.00001791190842 0.18915778936457
79.5000 0.90882449417734 0.00001771645809 0.18915814369373
79.6000 0.90882433316582 0.00001752314044 0.18915849415654
79.7000 0.90882417391126 0.00001733193220 0.18915884079519
79.8000 0.90882401639447 0.00001714281034 0.18915918365139
79.9000 0.90882386059649 0.00001695575211 0.18915952276644
80.0000 0.90882370649857 0.00001677073499 0.18915985818114
80.1000 0.90882355408216 0.00001658773671 0.18916018993587
80.2000 0.90882340332890 0.00001640673523 0.18916051807057
80.3000 0.90882325422065 0.00001622770878 0.18916084262475
80.4000 0.90882310673946 0.00001605063579 0.18916116363747
80.5000 0.90882296086757 0.00001587549496 0.18916148114736
80.6000 0.90882281658743 0.00001570226521 0.18916179519267
80.7000 0.90882267388166 0.00001553092567 0.18916210581118
80.8000 0.90882253273308 0.00001536145573 0.18916241304030
80.9000 0.90882239312471 0.00001519383499 0.18916271691700
81.0000 0.90882225503974 0.00001502804326 0.18916301747786
81.1000 0.90882211846154 0.00001486406060 0.18916331475907
81.2000 0.90882198337367 0.00001470186726 0.18916360879642
81.3000 0.90882184975986 0.00001454144372 0.18916389962529
81.4000 0.90882171760405 0.00001438277066 0.18916418728071
81.5000 0.90882158689030 0.00001422582899 0.18916447179729
81.6000 0.90882145760290 0.00001407059981 0.18916475320928
81.7000 0.90882132972627 0.00001391706445 0.18916503155057
81.8000 0.90882120324502 0.00001376520441 0.18916530685466
81.9000 0.90882107814392 0.00001361500142 0.18916557915469
82.0000 0.90882095440792 0.00001346643739 0.18916584848344
82.1000 0.90882083202211 0.00001331949445 0.18916611487333
82.2000 0.90882071097177 0.00001317415490 0.18916637835642
82.3000 0.90882059124233 0.00001303040125 0.18916663896445
82.4000 0.90882047281936 0.00001288821619 0.18916689672877
82.5000 0.90882035568861 0.00001274758262 0.18916715168042
82.6000 0.90882023983598 0.00001260848359 0.18916740385010
82.7000 0.90882012524753 0.00001247090237 0.18916765326814
82.8000 0.90882001190946 0.00001233482239 0.18916789996459
82.9000 0.90881989980813 0.00001220022728 0.18916814396914
83.0000 0.90881978893003 0.00001206710083 0.18916838531115
83.1000 0.90881967926183 0.00001193542701 0.18916862401969
83.2000 0.90881957079032 0.00001180518998 0.18916886012349
83.3000 0.90881946350245 0.00001167637406 0.18916909365097
83.4000 0.90881935738529 0.00001154896374 0.18916932463025
83.5000 0.90881925242607 0.00001142294368 0.18916955308912
83.6000 0.90881914861216 0.00001129829872 0.18916977905510
83.7000 0.90881904593106 0.00001117501385 0.18917000255537
83.8000 0.90881894437040 0.00001105307422 0.18917022361686
83.9000 0.90881884391797 0.00001093246517 0.18917044226616
84.0000 0.90881874456167 0.00001081317217 0.18917065852961
84.1000 0.90881864628953 0.00001069518086 0.18917087243322
84.2000 0.90881854908973 0.00001057847704 0.18917108400276
84.3000 0.90881845295057 0.00001046304667 0.18917129326370
84.4000 0.90881835786047 0.00001034887583 0.18917150024121
84.5000 0.90881826380799 0.00001023595080 0.18917170496023
84.6000 0.90881817078180 0.00001012425797 0.18917190744539
84.7000 0.90881807877070 0.00001001378391 0.18917210772107
84.8000 0.90881798776362 0.00000990451531 0.18917230581137
84.9000 0.90881789774961 0.00000979643902 0.18917250174015
85.0000 0.90881780871782 0.00000968954203 0.18917269553099
85.1000 0.90881772065753 0.00000958381147 0.18917288720722
85.2000 0.90881763355816 0.00000947923462 0.18917307679192
85.3000 0.90881754740920 0.00000937579888 0.18917326430789
85.4000 0.90881746220029 0.00000927349181 0.18917344977773
85.5000 0.90881737792118 0.00000917230109 0.18917363322375
85.6000 0.90881729456171 0.00000907221453 0.18917381466804
85.7000 0.90881721211186 0.00000897322010 0.18917399413244
85.8000 0.90881713056169 0.00000887530586 0.18917417163856
85.9000 0.90881704990139 0.00000877846005 0.18917434720776
86.0000 0.90881697012125 0.00000868267099 0.18917452086118
86.1000 0.90881689121166 0.00000858792715 0.18917469261973
86.2000 0.90881681316313 0.00000849421714 0.18917486250407
86.3000 0.90881673596626 0.00000840152967 0.18917503053466
86.4000 0.90881665961175 0.00000830985359 0.18917519673173
86.5000 0.90881658409041 0.00000821917785 0.18917536111529 
86.6000 0.90881650939316 0.00000812949155 0.18917552370512
86.7000 0.90881643551100 0.00000804078388 0.18917568452080
86.8000 0.90881636243504 0.00000795304416 0.18917584358168
86.9000 0.90881629015647 0.00000786626185 0.18917600090692
87.0000 0.90881621866660 0.00000778042648 0.18917615651545
87.1000 0.90881614795682 0.00000769552773 0.18917631042600
87.2000 0.90881607801862 0.00000761155537 0.18917646265711
87.3000 0.90881600884359 0.00000752849930 0.18917661322710
87.4000 0.90881594042338 0.00000744634952 0.18917676215409
87.5000 0.90881587274977 0.00000736509615 0.18917690945601
87.6000 0.90881580581460 0.00000728472938 0.18917705515060
87.7000 0.90881573960983 0.00000720523957 0.18917719925539
87.8000 0.90881567412748 0.00000712661713 0.18917734178773
87.9000 0.90881560935967 0.00000704885260 0.18917748276478
88.0000 0.90881554529859 0.00000697193662 0.18917762220352
88.1000 0.90881548193655 0.00000689585993 0.18917776012072
88.2000 0.90881541926591 0.00000682061338 0.18917789653298
88.3000 0.90881535727912 0.00000674618789 0.18917803145674
88.4000 0.90881529596873 0.00000667257453 0.18917816490823
88.5000 0.90881523532735 0.00000659976442 0.18917829690352
88.6000 0.90881517534769 0.00000652774879 0.18917842745850
88.7000 0.90881511602252 0.00000645651899 0.18917855658888
88.8000 0.90881505734470 0.00000638606643 0.18917868431020
88.9000 0.90881499930716 0.00000631638263 0.18917881063786
89.0000 0.90881494190293 0.00000624745921 0.18917893558704
89.1000 0.90881488512509 0.00000617928787 0.18917905917280
89.2000 0.90881482896680 0.00000611186040 0.18917918141001
89.3000 0.90881477342131 0.00000604516869 0.18917930231338
89.4000 0.90881471848192 0.00000597920470 0.18917942189747
89.5000 0.90881466414203 0.00000591396050 0.18917954017668
89.6000 0.90881461039509 0.00000584942823 0.18917965716525
89.7000 0.90881455723463 0.00000578560012 0.18917977287725
89.8000 0.90881450465425 0.00000572246850 0.18917988732662
89.9000 0.90881445264763 0.00000566002575 0.18918000052714
90.0000 0.90881440120850 0.00000559826437 0.18918011249242
90.1000 0.90881435033066 0.00000553717691 0.18918022323596
90.2000 0.90881430000800 0.00000547675603 0.18918033277108
90.3000 0.90881425023446 0.00000541699445 0.18918044111097
90.4000 0.90881420100405 0.00000535788498 0.18918054826867
90.5000 0.90881415231083 0.00000529942050 0.18918065425708
90.6000 0.90881410414894 0.00000524159398 0.18918075908896
90.7000 0.90881405651260 0.00000518439844 0.18918086277693
90.8000 0.90881400939606 0.00000512782701 0.18918096533347
90.9000 0.90881396279364 0.00000507187288 0.18918106677093
91.0000 0.90881391669976 0.00000501652932 0.18918116710151
91.1000 0.90881387110884 0.00000496178965 0.18918126633731
91.2000 0.90881382601541 0.00000490764729 0.18918136449025
91.3000 0.90881378141403 0.00000485409572 0.18918146157217
91.4000 0.90881373729934 0.00000480112849 0.18918155759474
91.5000 0.90881369366602 0.00000474873924 0.18918165256952
91.6000 0.90881365050883 0.00000469692165 0.18918174650795
91.7000 0.90881360782257 0.00000464566948 0.18918183942134
91.8000 0.90881356560209 0.00000459497657 0.18918193132088
91.9000 0.90881352384232 0.00000454483681 0.18918202221761
92.0000 0.90881348253823 0.00000449524416 0.18918211212249
92.1000 0.90881344168484 0.00000444619266 0.18918220104635
92.2000 0.90881340127725 0.00000439767641 0.18918228899988
92.3000 0.90881336131057 0.00000434968955 0.18918237599367
92.4000 0.90881332178001 0.00000430222632 0.18918246203819
92.5000 0.90881328268081 0.00000425528100 0.18918254714381
92.6000 0.90881324400825 0.00000420884794 0.18918263132077
92.7000 0.90881320575768 0.00000416292155 0.18918271457920
92.8000 0.90881316792450 0.00000411749630 0.18918279692913
92.9000 0.90881313050415 0.00000407256672 0.18918287838046
93.0000 0.90881309349213 0.00000402812741 0.18918295894301
93.1000 0.90881305688398 0.00000398417301 0.18918303862647
93.2000 0.90881302067530 0.00000394069823 0.18918311744044
93.3000 0.90881298486172 0.00000389769784 0.18918319539439
93.4000 0.90881294943893 0.00000385516667 0.18918327249773
93.5000 0.90881291440268 0.00000381309959 0.18918334875972
93.6000 0.90881287974874 0.00000377149154 0.18918342418955
93.7000 0.90881284547294 0.00000373033751 0.18918349879630
93.8000 0.90881281157115 0.00000368963255 0.18918357258895
93.9000 0.90881277803930 0.00000364937175 0.18918364557639
94.0000 0.90881274487334 0.00000360955027 0.18918371776739
94.1000 0.90881271206929 0.00000357016332 0.18918378917066
94.2000 0.90881267962319 0.00000353120615 0.18918385979478
94.3000 0.90881264753114 0.00000349267408 0.18918392964826
94.4000 0.90881261578928 0.00000345456246 0.18918399873951
94.5000 0.90881258439378 0.00000341686671 0.18918406707685
94.6000 0.90881255334086 0.00000337958229 0.18918413466849
94.7000 0.90881252262680 0.00000334270471 0.18918420152259
94.8000 0.90881249224788 0.00000330622954 0.18918426764718
94.9000 0.90881246220045 0.00000327015237 0.18918433305022
95.0000 0.90881243248090 0.00000323446888 0.18918439773960
95.1000 0.90881240308564 0.00000319917476 0.18918446172310
95.2000 0.90881237401114 0.00000316426576 0.18918452500841
95.3000 0.90881234525391 0.00000312973768 0.18918458760317
95.4000 0.90881231681046 0.00000309558637 0.18918464951489
95.5000 0.90881228867739 0.00000306180771 0.18918471075105
95.6000 0.90881226085131 0.00000302839764 0.18918477131900
95.7000 0.90881223332886 0.00000299535214 0.18918483122604
95.8000 0.90881220610673 0.00000296266722 0.18918489047939
95.9000 0.90881217918165 0.00000293033896 0.18918494908617
96.0000 0.90881215255037 0.00000289836346 0.18918500705344
96.1000 0.90881212620969 0.00000286673687 0.18918506438817
96.2000 0.90881210015644 0.00000283545538 0.18918512109728
96.3000 0.90881207438748 0.00000280451524 0.18918517718759
96.4000 0.90881204889971 0.00000277391271 0.18918523266584
96.5000 0.90881202369005 0.00000274364411 0.18918528753872
96.6000 0.90881199875549 0.00000271370579 0.18918534181284
96.7000 0.90881197409300 0.00000268409416 0.18918539549472
96.8000 0.90881194969963 0.00000265480564 0.18918544859083
96.9000 0.90881192557244 0.00000262583672 0.18918550110757
97.0000 0.90881190170853 0.00000259718391 0.18918555305125
97.1000 0.90881187810501 0.00000256884374 0.18918560442812
97.2000 0.90881185475905 0.00000254081283 0.18918565524438
97.3000 0.90881183166784 0.00000251308778 0.18918570550613
97.4000 0.90881180882861 0.00000248566526 0.18918575521944
97.5000 0.90881178623859 0.00000245854198 0.18918580439028
97.6000 0.90881176389507 0.00000243171466 0.18918585302457
97.7000 0.90881174179536 0.00000240518007 0.18918590112817
97.8000 0.90881171993680 0.00000237893503 0.18918594870687
97.9000 0.90881169831676 0.00000235297637 0.18918599576640
98.0000 0.90881167693263 0.00000232730097 0.18918604231242
98.1000 0.90881165578185 0.00000230190573 0.18918608835053
98.2000 0.90881163486186 0.00000227678760 0.18918613388629
98.3000 0.90881161417015 0.00000225194356 0.18918617892516
98.4000 0.90881159370423 0.00000222737061 0.18918622347257
98.5000 0.90881157346163 0.00000220306580 0.18918626753389
98.6000 0.90881155343991 0.00000217902621 0.18918631111441
98.7000 0.90881153363667 0.00000215524892 0.18918635421939
98.8000 0.90881151404952 0.00000213173110 0.18918639685401
98.9000 0.90881149467610 0.00000210846989 0.18918643902341
99.0000 0.90881147551408 0.00000208546251 0.18918648073266
99.1000 0.90881145656116 0.00000206270618 0.18918652198678
99.2000 0.90881143781505 0.00000204019817 0.18918656279075
99.3000 0.90881141927349 0.00000201793576 0.18918660314946
99.4000 0.90881140093426 0.00000199591628 0.18918664306779
99.5000 0.90881138279515 0.00000197413706 0.18918668255053
99.6000 0.90881136485397 0.00000195259551 0.18918672160244
99.7000 0.90881134710856 0.00000193128901 0.18918676022822
99.8000 0.90881132955678 0.00000191021500 0.18918679843252
99.9000 0.90881131219653 0.00000188937095 0.18918683621994
100.0000 0.90881129502572 0.00000186875435 0.18918687359502