0.0000 1.00000000000000 2.00000000000000 
0.0010 0.99900000000000 2.00000000000000 
0.0020 0.99800100000000 1.99999800000000 
0.0030 0.99700300099600 1.99999400200400 
0.0040 0.99600600397503 1.99998800802397 
0.0050 0.99501000991513 1.99998002007981 
0.0060 0.99401501978544 1.99997004019934 
0.0070 0.99302103454614 1.99995807041822 
0.0080 0.99202805514855 1.99994411277994 
0.0090 0.99103608253510 1.99992816933577 
0.0100 0.99004511763934 1.99991024214472 
0.0110 0.98905516138603 1.99989033327353 
0.0120 0.98806621469108 1.99986844479658 
0.0130 0.98707827846164 1.99984457879592
0.0140 0.98609135359608 1.99981873736115
0.0150 0.98510544098400 1.99979092258946
0.0160 0.98412054150631 1.99976113658554
0.0170 0.98313665603520 1.99972938146158
0.0180 0.98215378543417 1.99969565933718
0.0190 0.98117193055807 1.99965997233938
0.0200 0.98019109225311 1.99962232260256
0.0210 0.97921127135687 1.99958271226844
0.0220 0.97823246869837 1.99954114348604
0.0230 0.97725468509801 1.99949761841161
0.0240 0.97627792136767 1.99945213920863
0.0250 0.97530217831070 1.99940470804776
0.0260 0.97432745672193 1.99935532710680
0.0270 0.97335375738770 1.99930399857064
0.0280 0.97238108108592 1.99925072463124
0.0290 0.97140942858603 1.99919550748758
0.0300 0.97043880064906 1.99913834934566
0.0310 0.96946919802763 1.99907925241838
0.0320 0.96850062146603 1.99901821892560
0.0330 0.96753307170014 1.99895525109402
0.0340 0.96656654945756 1.99889035115721
0.0350 0.96560105545756 1.99882352135552
0.0360 0.96463659041112 1.99875476393606
0.0370 0.96367315502098 1.99868408115267
0.0380 0.96271074998162 1.99861147526589
0.0390 0.96174937597933 1.99853694854290
0.0400 0.96078903369218 1.99846050325749
0.0410 0.95982972379007 1.99838214169003
0.0420 0.95887144693478 1.99830186612743
0.0430 0.95791420377993 1.99821967886308
0.0440 0.95695799497105 1.99813558219688
0.0450 0.95600282114560 1.99804957843510
0.0460 0.95504868293298 1.99796166989044
0.0470 0.95409558095453 1.99787185888193
0.0480 0.95314351582361 1.99778014773492
0.0490 0.95219248814558 1.99768653878104
0.0500 0.95124249851783 1.99759103435815
0.0510 0.95029354752981 1.99749363681033
0.0520 0.94934563576304 1.99739434848782
0.0530 0.94839876379117 1.99729317174696
0.0540 0.94745293217995 1.99719010895023
0.0550 0.94650814148728 1.99708516246613
0.0560 0.94556439226325 1.99697833466918
0.0570 0.94462168505013 1.99686962793989
0.0580 0.94368002038241 1.99675904466472
0.0590 0.94273939878683 1.99664658723603
0.0600 0.94179982078237 1.99653225805203
0.0610 0.94086128688034 1.99641605951680
0.0620 0.93992379758431 1.99629799404019
0.0630 0.93898735339023 1.99617806403781
0.0640 0.93805195478637 1.99605627193102
0.0650 0.93711760225341 1.99593262014684
0.0660 0.93618429626441 1.99580711111794
0.0670 0.93525203728487 1.99567974728263
0.0680 0.93432082577274 1.99555053108476
0.0690 0.93339066217844 1.99541946497375
0.0700 0.93246154694489 1.99528655140451
0.0710 0.93153348050751 1.99515179283743
0.0720 0.93060646329429 1.99501519173831
0.0730 0.92968049572579 1.99487675057838
0.0740 0.92875557821512 1.99473647183419
0.0750 0.92783171116805 1.99459435798764
0.0760 0.92690889498296 1.99445041152591
0.0770 0.92598713005090 1.99430463494143
0.0780 0.92506641675559 1.99415703073184
0.0790 0.92414675547348 1.99400760139998
0.0800 0.92322814657373 1.99385634945380
0.0810 0.92231059041827 1.99370327740639
0.0820 0.92139408736178 1.99354838777589
0.0830 0.92047863775178 1.99339168308548
0.0840 0.91956424192858 1.99323316586334
0.0850 0.91865090022535 1.99307283864263
0.0860 0.91773861296814 1.99291070396143
0.0870 0.91682738047589 1.99274676436269
0.0880 0.91591720306044 1.99258102239425
0.0890 0.91500808102660 1.99241348060876
0.0900 0.91410001467212 1.99224414156365
0.0910 0.91319300428776 1.99207300782112
0.0920 0.91228705015728 1.99190008194807
0.0930 0.91138215255746 1.99172536651609
0.0940 0.91047831175818 1.99154886410142
0.0950 0.90957552802237 1.99137057728488
0.0960 0.90867380160607 1.99119050865192
0.0970 0.90777313275846 1.99100866079249
0.0980 0.90687352172186 1.99082503630105
0.0990 0.90597496873178 1.99063963777655
0.1000 0.90507747401692 1.99045246782237
0.1010 0.90418103779921 1.99026352904627
0.1020 0.90328566029382 1.99007282406041
0.1030 0.90239134170920 1.98988035548127
0.1040 0.90149808224709 1.98968612592961
0.1050 0.90060588210253 1.98949013803048
0.1060 0.89971474146394 1.98929239441314
0.1070 0.89882466051307 1.98909289771107
0.1080 0.89793563942507 1.98889165056187
0.1090 0.89704767836850 1.98868865560730
0.1100 0.89616077750536 1.98848391549321
0.1110 0.89527493699110 1.98827743286948
0.1120 0.89439015697466 1.98806921039004
0.1130 0.89350643759847 1.98785925071281
0.1140 0.89262377899852 1.98764755649965
0.1150 0.89174218130432 1.98743413041635
0.1160 0.89086164463897 1.98721897513259
0.1170 0.88998216911916 1.98700209332190
0.1180 0.88910375485522 1.98678348766164
0.1190 0.88822640195111 1.98656316083294
0.1200 0.88735011050447 1.98634111552070
0.1210 0.88647488060662 1.98611735441354
0.1220 0.88560071234260 1.98589188020375
0.1230 0.88472760579120 1.98566469558729
0.1240 0.88385556102496 1.98543580326373
0.1250 0.88298457811021 1.98520520593624
0.1260 0.88211465710709 1.98497290631153
0.1270 0.88124579806958 1.98473890709984
0.1280 0.88037800104551 1.98450321101488
0.1290 0.87951126607657 1.98426582077385
0.1300 0.87864559319839 1.98402673909734
0.1310 0.87778098244049 1.98378596870934
0.1320 0.87691743382636 1.98354351233719
0.1330 0.87605494737347 1.98329937271158
0.1340 0.87519352309325 1.98305355256645
0.1350 0.87433316099119 1.98280605463904
0.1360 0.87347386106680 1.98255688166978
0.1370 0.87261562331365 1.98230603640233
0.1380 0.87175844771941 1.98205352158348
0.1390 0.87090233426586 1.98179933996317
0.1400 0.87004728292890 1.98154349429443
0.1410 0.86919329367862 1.98128598733335
0.1420 0.86834036647924 1.98102682183907
0.1430 0.86748850128924 1.98076600057371
0.1440 0.86663769806129 1.98050352630238
0.1450 0.86578795674231 1.98023940179311
0.1460 0.86493927727352 1.97997362981686
0.1470 0.86409165959040 1.97970621314744
0.1480 0.86324510362277 1.97943715456151
0.1490 0.86239960929479 1.97916645683855
0.1500 0.86155517652497 1.97889412276082
0.1510 0.86071180522624 1.97862015511332
0.1520 0.85986949530590 1.97834455668377
0.1530 0.85902824666571 1.97806733026258
0.1540 0.85818805920187 1.97778847864282
0.1550 0.85734893280508 1.97750800462018
0.1560 0.85651086736051 1.97722591099293
0.1570 0.85567386274788 1.97694220056193
0.1580 0.85483791884144 1.97665687613055
0.1590 0.85400303551003 1.97636994050468
0.1600 0.85316921261705 1.97608139649265
0.1610 0.85233645002056 1.97579124690528
0.1620 0.85150474757321 1.97549949455574
0.1630 0.85067410512234 1.97520614225963
0.1640 0.84984452250996 1.97491119283487
0.1650 0.84901599957280 1.97461464910170
0.1660 0.84818853614229 1.97431651388268
0.1670 0.84736213204464 1.97401679000259
0.1680 0.84653678710082 1.97371548028846
0.1690 0.84571250112659 1.97341258756950
0.1700 0.84488927393253 1.97310811467712
0.1710 0.84406710532406 1.97280206444484
0.1720 0.84324599510147 1.97249443970831
0.1730 0.84242594305993 1.97218524330525
0.1740 0.84160694898951 1.97187447807542
0.1750 0.84078901267521 1.97156214686063
0.1760 0.83997213389700 1.97124825250466
0.1770 0.83915631242980 1.97093279785325
0.1780 0.83834154804354 1.97061578575409
0.1790 0.83752784050315 1.97029721905676
0.1800 0.83671518956863 1.96997710061273
0.1810 0.83590359499501 1.96965543327531
0.1820 0.83509305653243 1.96933221989961
0.1830 0.83428357392612 1.96900746334255
0.1840 0.83347514691644 1.96868116646281
0.1850 0.83266777523891 1.96835333212080
0.1860 0.83186145862421 1.96802396317862
0.1870 0.83105619679821 1.96769306250006
0.1880 0.83025198948202 1.96736063295054
0.1890 0.82944883639197 1.96702667739713
0.1900 0.82864673723964 1.96669119870845
0.1910 0.82784569173192 1.96635419975471
0.1920 0.82704569957096 1.96601568340764
0.1930 0.82624676045428 1.96567565254049
0.1940 0.82544887407472 1.96533411002796
0.1950 0.82465204012049 1.96499105874624
0.1960 0.82385625827520 1.96464650157290
0.1970 0.82306152821785 1.96430044138695
0.1980 0.82226784962291 1.96395288106873
0.1990 0.82147522216025 1.96360382349994
0.2000 0.82068364549527 1.96325327156358
0.2010 0.81989311928883 1.96290122814396
0.2020 0.81910364319732 1.96254769612661
0.2030 0.81831521687267 1.96219267839833
0.2040 0.81752783996237 1.96183617784710
0.2050 0.81674151210950 1.96147819736209
0.2060 0.81595623295272 1.96111873983361
0.2070 0.81517200212635 1.96075780815311
0.2080 0.81438881926032 1.96039540521311
0.2090 0.81360668398024 1.96003153390723
0.2100 0.81282559590742 1.95966619713012
0.2110 0.81204555465887 1.95929939777745
0.2120 0.81126655984732 1.95893113874589
0.2130 0.81048861108126 1.95856142293305
0.2140 0.80971170796495 1.95819025323751
0.2150 0.80893585009844 1.95781763255874
0.2160 0.80816103707761 1.95744356379711
0.2170 0.80738726849415 1.95706804985385
0.2180 0.80661454393561 1.95669109363103
0.2190 0.80584286298544 1.95631269803151
0.2200 0.80507222522295 1.95593286595896
0.2210 0.80430263022339 1.95555160031778
0.2220 0.80353407755794 1.95516890401314
0.2230 0.80276656679374 1.95478477995088
0.2240 0.80200009749391 1.95439923103755
0.2250 0.80123466921757 1.95401226018035
0.2260 0.80047028151985 1.95362387028710
0.2270 0.79970693395194 1.95323406426624
0.2280 0.79894462606107 1.95284284502680
0.2290 0.79818335739055 1.95245021547835
0.2300 0.79742312747982 1.95205617853100
0.2310 0.79666393586439 1.95166073709537
0.2320 0.79590578207597 1.95126389408256
0.2330 0.79514866564239 1.95086565240414
0.2340 0.79439258608768 1.95046601497209
0.2350 0.79363754293206 1.95006498469883
0.2360 0.79288353569197 1.94966256449714
0.2370 0.79213056388012 1.94925875728019
0.2380 0.79137862700545 1.94885356596146
0.2390 0.79062772457319 1.94844699345477
0.2400 0.78987785608487 1.94803904267420
0.2410 0.78912902103836 1.94762971653412
0.2420 0.78838121892785 1.94721901794914
0.2430 0.78763444924388 1.94680694983408
0.2440 0.78688871147341 1.94639351510396
0.2450 0.78614400509977 1.94597871667398
0.2460 0.78540032960270 1.94556255745947
0.2470 0.78465768445841 1.94514504037590
0.2480 0.78391606913955 1.94472616833884
0.2490 0.78317548311525 1.94430594426394
0.2500 0.78243592585115 1.94388437106690
0.2510 0.78169739680938 1.94346145166346
0.2520 0.78095989544862 1.94303718896936
0.2530 0.78022342122412 1.94261158590034
0.2540 0.77948797358768 1.94218464537210
0.2550 0.77875355198772 1.94175637030028
0.2560 0.77802015586924 1.94132676360045
0.2570 0.77728778467390 1.94089582818806
0.2580 0.77655643784000 1.94046356697845
0.2590 0.77582611480250 1.94002998288680
0.2600 0.77509681499308 1.93959507882813
0.2610 0.77436853784010 1.93915885771728
0.2620 0.77364128276865 1.93872132246886
0.2630 0.77291504920057 1.93828247599723
0.2640 0.77218983655447 1.93784232121653
0.2650 0.77146564424574 1.93740086104061
0.2660 0.77074247168656 1.93695809838299
0.2670 0.77002031828595 1.93651403615691
0.2680 0.76929918344975 1.93606867727524
0.2690 0.76857906658066 1.93562202465049
0.2700 0.76785996707829 1.93517408119480
0.2710 0.76714188433909 1.93472484981988
0.2720 0.76642481775646 1.93427433343703
0.2730 0.76570876672072 1.93382253495709
0.2740 0.76499373061914 1.93336945729043
0.2750 0.76427970883596 1.93291510334694
0.2760 0.76356670075241 1.93245947603598
0.2770 0.76285470574671 1.93200257826640
0.2780 0.76214372319411 1.93154441294648
0.2790 0.76143375246690 1.93108498298393
0.2800 0.76072479293444 1.93062429128588
0.2810 0.76001684396316 1.93016234075881
0.2820 0.75930990491656 1.92969913430861
0.2830 0.75860397515529 1.92923467484049
0.2840 0.75789905403710 1.92876896525899
0.2850 0.75719514091691 1.92830200846796
0.2860 0.75649223514680 1.92783380737053
0.2870 0.75579033607601 1.92736436486908
0.2880 0.75508944305102 1.92689368386528
0.2890 0.75438955541551 1.92642176725998
0.2900 0.75369067251038 1.92594861795327
0.2910 0.75299279367380 1.92547423884440
0.2920 0.75229591824122 1.92499863283181
0.2930 0.75160004554536 1.92452180281308
0.2940 0.75090517491626 1.92404375168491
0.2950 0.75021130568127 1.92356448234313
0.2960 0.74951843716509 1.92308399768265
0.2970 0.74882656868978 1.92260230059745
0.2980 0.74813569957475 1.92211939398056
0.2990 0.74744582913685 1.92163528072407
0.3000 0.74675695669029 1.92114996371904
0.3010 0.74606908154672 1.92066344585557
0.3020 0.74538220301526 1.92017573002273
0.3030 0.74469632040245 1.91968681910853
0.3040 0.74401143301234 1.91919671599993
0.3050 0.74332754014645 1.91870542358284
0.3060 0.74264464110382 1.91821294474203
0.3070 0.74196273518101 1.91771928236120
0.3080 0.74128182167215 1.91722443932289
0.3090 0.74060189986888 1.91672841850850
0.3100 0.73992296906047 1.91623122279827
0.3110 0.73924502853375 1.91573285507125
0.3120 0.73856807757318 1.91523331820529
0.3130 0.73789211546082 1.91473261507702
0.3140 0.73721714147640 1.91423074856182
0.3150 0.73654315489729 1.91372772153384
0.3160 0.73587015499856 1.91322353686594
0.3170 0.73519814105294 1.91271819742969
0.3180 0.73452711233088 1.91221170609537
0.3190 0.73385706810057 1.91170406573192
0.3200 0.73318800762791 1.91119527920694
0.3210 0.73251993017659 1.91068534938669
0.3220 0.73185283500805 1.91017427913602
0.3230 0.73118672138151 1.90966207131843
0.3240 0.73052158855402 1.90914872879599
0.3250 0.72985743578043 1.90863425442934
0.3260 0.72919426231342 1.90811865107769
0.3270 0.72853206740356 1.90760192159879
0.3280 0.72787085029924 1.90708406884891
0.3290 0.72721061024675 1.90656509568285
0.3300 0.72655134649029 1.90604500495387
0.3310 0.72589305827196 1.90552379951374
0.3320 0.72523574483179 1.90500148221267
0.3330 0.72457940540777 1.90447805589931
0.3340 0.72392403923582 1.90395352342077
0.3350 0.72326964554986 1.90342788762254
0.3360 0.72261622358180 1.90290115134853
0.3370 0.72196377256155 1.90237331744102
0.3380 0.72131229171703 1.90184438874065
0.3390 0.72066178027421 1.90131436808645
0.3400 0.72001223745712 1.90078325831573
0.3410 0.71936366248784 1.90025106226415
0.3420 0.71871605458653 1.89971778276568
0.3430 0.71806941297146 1.89918342265257
0.3440 0.71742373685900 1.89864798475535
0.3450 0.71677902546366 1.89811147190280
0.3460 0.71613527799807 1.89757388692195
0.3470 0.71549249367303 1.89703523263806 
0.3480 0.71485067169752 1.89649551187461
0.3490 0.71420981127868 1.89595472745327
0.3500 0.71356991162188 1.89541288219390
0.3510 0.71293097193066 1.89486997891454
0.3520 0.71229299140684 1.89432602043138
0.3530 0.71165596925046 1.89378100955874
0.3540 0.71101990465980 1.89323494910908
0.3550 0.71038479683145 1.89268784189299
0.3560 0.70975064496025 1.89213969071913
0.3570 0.70911744823937 1.89159049839425
0.3580 0.70848520586027 1.89104026772319
0.3590 0.70785391701277 1.89048900150883
0.3600 0.70722358088499 1.88993670255211
0.3610 0.70659419666345 1.88938337365199
0.3620 0.70596576353302 1.88882901760543
0.3630 0.70533828067696 1.88827363720742
0.3640 0.70471174727692 1.88771723525093
0.3650 0.70408616251298 1.88715981452690
0.3660 0.70346152556363 1.88660137782423
0.3670 0.70283783560582 1.88604192792978
0.3680 0.70221509181494 1.88548146762834
0.3690 0.70159329336485 1.88491999970262
0.3700 0.70097243942789 1.88435752693323
0.3710 0.70035252917491 1.88379405209871
0.3720 0.69973356177525 1.88322957797544
0.3730 0.69911553639679 1.88266410733770
0.3740 0.69849845220593 1.88209764295762
0.3750 0.69788230836763 1.88153018760517
0.3760 0.69726710404541 1.88096174404816
0.3770 0.69665283840136 1.88039231505220
0.3780 0.69603951059617 1.87982190338074
0.3790 0.69542711978913 1.87925051179499
0.3800 0.69481566513814 1.87867814305398
0.3810 0.69420514579973 1.87810479991447
0.3820 0.69359556092908 1.87753048513101
0.3830 0.69298690968001 1.87695520145587
0.3840 0.69237919120503 1.87637895163908
0.3850 0.69177240465530 1.87580173842837
0.3860 0.69116654918071 1.87522356456919
0.3870 0.69056162392983 1.87464443280469
0.3880 0.68995762804995 1.87406434587569
0.3890 0.68935456068710 1.87348330652071
0.3900 0.68875242098607 1.87290131747591
0.3910 0.68815120809038 1.87231838147512
0.3920 0.68755092114232 1.87173450124978
0.3930 0.68695155928300 1.87114967952900
0.3940 0.68635312165228 1.87056391903948
0.3950 0.68575560738885 1.86997722250552
0.3960 0.68515901563021 1.86938959264904
0.3970 0.68456334551271 1.86880103218952
0.3980 0.68396859617153 1.86821154384402
0.3990 0.68337476674071 1.86762113032717
0.4000 0.68278185635315 1.86702979435114
0.4010 0.68218986414065 1.86643753862564
0.4020 0.68159878923389 1.86584436585792
0.4030 0.68100863076246 1.86525027875273
0.4040 0.68041938785486 1.86465528001234
0.4050 0.67983105963853 1.86405937233651
0.4060 0.67924364523984 1.86346255842250
0.4070 0.67865714378413 1.86286484096503
0.4080 0.67807155439569 1.86226622265629
0.4090 0.67748687619779 1.86166670618593
0.4100 0.67690310831269 1.86106629424104
0.4110 0.67632024986166 1.86046498950614
0.4120 0.67573829996496 1.85986279466320
0.4130 0.67515725774189 1.85925971239157
0.4140 0.67457712231078 1.85865574536803
0.4150 0.67399789278902 1.85805089626674
0.4160 0.67341956829303 1.85744516775925
0.4170 0.67284214793832 1.85683856251449
0.4180 0.67226563083948 1.85623108319875
0.4190 0.67169001611019 1.85562273247568
0.4200 0.67111530286323 1.85501351300628
0.4210 0.67054149021049 1.85440342744887
0.4220 0.66996857726301 1.85379247845911
0.4230 0.66939656313094 1.85318066868999
0.4240 0.66882544692359 1.85256800079178
0.4250 0.66825522774943 1.85195447741207
0.4260 0.66768590471609 1.85134010119575
0.4270 0.66711747693040 1.85072487478495
0.4280 0.66654994349838 1.85010880081913
0.4290 0.66598330352522 1.84949188193496
0.4300 0.66541755611537 1.84887412076640
0.4310 0.66485270037248 1.84825551994464
0.4320 0.66428873539944 1.84763608209811
0.4330 0.66372566029839 1.84701580985247
0.4340 0.66316347417071 1.84639470583059
0.4350 0.66260217611707 1.84577277265257
0.4360 0.66204176523741 1.84515001293569
0.4370 0.66148224063096 1.84452642929445
0.4380 0.66092360139623 1.84390202434051
0.4390 0.66036584663108 1.84327680068272
0.4400 0.65980897543265 1.84265076092709
0.4410 0.65925298689744 1.84202390767681
0.4420 0.65869788012127 1.84139624353221
0.4430 0.65814365419931 1.84076777109075
0.4440 0.65759030822611 1.84013849294706
0.4450 0.65703784129558 1.83950841169287
0.4460 0.65648625250101 1.83887752991704
0.4470 0.65593554093509 1.83824585020555
0.4480 0.65538570568990 1.83761337514147
0.4490 0.65483674585694 1.83698010730498
0.4500 0.65428866052712 1.83634604927334
0.4510 0.65374144879080 1.83571120362091
0.4520 0.65319510973778 1.83507557291911
0.4530 0.65264964245729 1.83443915973642
0.4540 0.65210504603803 1.83380196663840
0.4550 0.65156131956819 1.83316399618764
0.4560 0.65101846213542 1.83252525094379
0.4570 0.65047647282686 1.83188573346354
0.4580 0.64993535072916 1.83124544630060
0.4590 0.64939509492848 1.83060439200571
0.4600 0.64885570451048 1.82996257312663
0.4610 0.64831717856038 1.82931999220812
0.4620 0.64777951616291 1.82867665179194
0.4630 0.64724271640236 1.82803255441687
0.4640 0.64670677836256 1.82738770261864
0.4650 0.64617170112695 1.82674209893000
0.4660 0.64563748377849 1.82609574588066
0.4670 0.64510412539976 1.82544864599729
0.4680 0.64457162507292 1.82480080180353
0.4690 0.64403998187974 1.82415221581998
0.4700 0.64350919490160 1.82350289056418
0.4710 0.64297926321949 1.82285282855062
0.4720 0.64245018591405 1.82220203229073
0.4730 0.64192196206555 1.82155050429286
0.4740 0.64139459075390 1.82089824706228
0.4750 0.64086807105867 1.82024526310120
0.4760 0.64034240205911 1.81959155490872
0.4770 0.63981758283413 1.81893712498085
0.4780 0.63929361246234 1.81828197581050
0.4790 0.63877049002201 1.81762610988748
0.4800 0.63824821459114 1.81696952969848
0.4810 0.63772678524743 1.81631223772708
0.4820 0.63720620106831 1.81565423645372
0.4830 0.63668646113091 1.81499552835573
0.4840 0.63616756451213 1.81433611590729
0.4850 0.63564951028858 1.81367600157945
0.4860 0.63513229753664 1.81301518784010
0.4870 0.63461592533245 1.81235367715398
0.4880 0.63410039275193 1.81169147198268
0.4890 0.63358569887075 1.81102857478463
0.4900 0.63307184276439 1.81036498801507
0.4910 0.63255882350812 1.80970071412610
0.4920 0.63204664017700 1.80903575556660
0.4930 0.63153529184591 1.80837011478230
0.4940 0.63102477758955 1.80770379421572
0.4950 0.63051509648245 1.80703679630620
0.4960 0.63000624759896 1.80636912348986
0.4970 0.62949823001329 1.80570077819964
0.4980 0.62899104279949 1.80503176286525
0.4990 0.62848468503148 1.80436207991320
0.5000 0.62797915578304 1.80369173176676
0.5010 0.62747445412781 1.80302072084600
0.5020 0.62697057913934 1.80234904956775
0.5030 0.62646752989107 1.80167672034560
0.5040 0.62596530545630 1.80100373558991
0.5050 0.62546390490828 1.80033009770780
0.5060 0.62496332732015 1.79965580910313
0.5070 0.62446357176498 1.79898087217651
0.5080 0.62396463731577 1.79830528932531
0.5090 0.62346652304545 1.79762906294362
0.5100 0.62296922802690 1.79695219542228
0.5110 0.62247275133294 1.79627468914884
0.5120 0.62197709203637 1.79559654650760
0.5130 0.62148224920994 1.79491776987956
0.5140 0.62098822192638 1.79423836164245
0.5150 0.62049500925839 1.79355832417071
0.5160 0.62000261027869 1.79287765983551
0.5170 0.61951102405996 1.79219637100468
0.5180 0.61902024967490 1.79151446004279
0.5190 0.61853028619623 1.79083192931110
0.5200 0.61804113269666 1.79014878116756
0.5210 0.61755278824895 1.78946501796680
0.5220 0.61706525192587 1.78878064206015
0.5230 0.61657852280027 1.78809565579562
0.5240 0.61609259994499 1.78741006151790
0.5250 0.61560748243297 1.78672386156835
0.5260 0.61512316933718 1.78603705828501
0.5270 0.61463965973067 1.78534965400257
0.5280 0.61415695268656 1.78466165105240
0.5290 0.61367504727806 1.78397305176254
0.5300 0.61319394257846 1.78328385845766
0.5310 0.61271363766113 1.78259407345910
0.5320 0.61223413159957 1.78190369908487
0.5330 0.61175542346737 1.78121273764958
0.5340 0.61127751233823 1.78052119146454
0.5350 0.61080039728598 1.77982906283766
0.5360 0.61032407738459 1.77913635407351
0.5370 0.60984855170813 1.77844306747327
0.5380 0.60937381933084 1.77774920533479
0.5390 0.60889987932711 1.77705476995253
0.5400 0.60842673077145 1.77635976361756
0.5410 0.60795437273857 1.77566418861759
0.5420 0.60748280430333 1.77496804723696
0.5430 0.60701202454075 1.77427134175660
0.5440 0.60654203252604 1.77357407445409
0.5450 0.60607282733461 1.77287624760359
0.5460 0.60560440804205 1.77217786347589
0.5470 0.60513677372413 1.77147892433837
0.5480 0.60466992345686 1.77077943245503
0.5490 0.60420385631644 1.77007939008645
0.5500 0.60373857137928 1.76937879948984
0.5510 0.60327406772203 1.76867766291898
0.5520 0.60281034442155 1.76797598262426
0.5530 0.60234740055496 1.76727376085265
0.5540 0.60188523519959 1.76657099984772
0.5550 0.60142384743305 1.76586770184961
0.5560 0.60096323633318 1.76516386909507
0.5570 0.60050340097808 1.76445950381740
0.5580 0.60004434044613 1.76375460824651
0.5590 0.59958605381596 1.76304918460888
0.5600 0.59912854016650 1.76234323512756
0.5610 0.59867179857693 1.76163676202216
0.5620 0.59821582812675 1.76092976750890
0.5630 0.59776062789573 1.76022225380053
0.5640 0.59730619696396 1.75951422310640
0.5650 0.59685253441182 1.75880567763240
0.5660 0.59639963931999 1.75809661958100
0.5670 0.59594751076951 1.75738705115123
0.5680 0.59549614784168 1.75667697453867
0.5690 0.59504554961819 1.75596639193547
0.5700 0.59459571518100 1.75525530553034
0.5710 0.59414664361247 1.75454371750852
0.5720 0.59369833399525 1.75383163005184
0.5730 0.59325078541238 1.75311904533866
0.5740 0.59280399694722 1.75240596554389
0.5750 0.59235796768352 1.75169239283900
0.5760 0.59191269670537 1.75097832939199
0.5770 0.59146818309726 1.75026377736742
0.5780 0.59102442594401 1.74954873892639
0.5790 0.59058142433087 1.74883321622655
0.5800 0.59013917734345 1.74811721142208
0.5810 0.58969768406774 1.74740072666371
0.5820 0.58925694359016 1.74668376409869
0.5830 0.58881695499750 1.74596632587085
0.5840 0.58837771737697 1.74524841412050
0.5850 0.58793922981619 1.74453003098454
0.5860 0.58750149140319 1.74381117859636
0.5870 0.58706450122645 1.74309185908592
0.5880 0.58662825837483 1.74237207457968
0.5890 0.58619276193765 1.74165182720065
0.5900 0.58575801100467 1.74093111906837
0.5910 0.58532400466607 1.74020995229890
0.5920 0.58489074201250 1.73948832900484
0.5930 0.58445822213504 1.73876625129531
0.5940 0.58402644412523 1.73804372127596
0.5950 0.58359540707508 1.73732074104895
0.5960 0.58316511007707 1.73659731271300
0.5970 0.58273555222412 1.73587343836331 
0.5980 0.58230673260965 1.73514912009164
0.5990 0.58187865032754 1.73442435998626
0.6000 0.58145130447219 1.73369916013196
0.6010 0.58102469413844 1.73297352261005
0.6020 0.58059881842165 1.73224744949836
0.6030 0.58017367641768 1.73152094287126
0.6040 0.57974926722288 1.73079400479961
0.6050 0.57932558993411 1.73006663735080
0.6060 0.57890264364873 1.72933884258876
0.6070 0.57848042746464 1.72861062257391
0.6080 0.57805894048024 1.72788197936320
0.6090 0.57763818179445 1.72715291501011
0.6100 0.57721815050674 1.72642343156460
0.6110 0.57679884571709 1.72569353107320
0.6120 0.57638026652602 1.72496321557891
0.6130 0.57596241203460 1.72423248712127
0.6140 0.57554528134445 1.72350134773634
0.6150 0.57512887355771 1.72276979945669
0.6160 0.57471318777711 1.72203784431139
0.6170 0.57429822310591 1.72130548432606
0.6180 0.57388397864794 1.72057272152280
0.6190 0.57347045350761 1.71983955792026
0.6200 0.57305764678988 1.71910599553358
0.6210 0.57264555760028 1.71837203637443
0.6220 0.57223418504495 1.71763768245099
0.6230 0.57182352823058 1.71690293576796
0.6240 0.57141358626445 1.71616779832655
0.6250 0.57100435825444 1.71543227212450
0.6260 0.57059584330902 1.71469635915605
0.6270 0.57018804053726 1.71396006141196
0.6280 0.56978094904882 1.71322338087952
0.6290 0.56937456795398 1.71248631954254
0.6300 0.56896889636361 1.71174887938131
0.6310 0.56856393338922 1.71101106237268
0.6320 0.56815967814292 1.71027287049000
0.6330 0.56775612973743 1.70953430570315
0.6340 0.56735328728610 1.70879536997850
0.6350 0.56695114990293 1.70805606527898
0.6360 0.56654971670253 1.70731639356401
0.6370 0.56614898680014 1.70657635678954
0.6380 0.56574895931164 1.70583595690805
0.6390 0.56534963335358 1.70509519586852
0.6400 0.56495100804311 1.70435407561647
0.6410 0.56455308249807 1.70361259809393
0.6420 0.56415585583694 1.70287076523947
0.6430 0.56375932717883 1.70212857898818
0.6440 0.56336349564355 1.70138604127165
0.6450 0.56296836035154 1.70064315401803
0.6460 0.56257392042393 1.69989991915197
0.6470 0.56218017498251 1.69915633859467
0.6480 0.56178712314974 1.69841241426382
0.6490 0.56139476404876 1.69766814807369
0.6500 0.56100309680338 1.69692354193504
0.6510 0.56061212053812 1.69617859775517
0.6520 0.56022183437816 1.69543331743791
0.6530 0.55983223744938 1.69468770288363
0.6540 0.55944332887835 1.69394175598923
0.6550 0.55905510779233 1.69319547864814
0.6560 0.55866757331929 1.69244887275032
0.6570 0.55828072458790 1.69170194018228
0.6580 0.55789456072754 1.69095468282705
0.6590 0.55750908086828 1.69020710256421
0.6600 0.55712428414092 1.68945920126987
0.6610 0.55674016967697 1.68871098081669
0.6620 0.55635673660865 1.68796244307387
0.6630 0.55597398406891 1.68721358990714
0.6640 0.55559191119143 1.68646442317879
0.6650 0.55521051711059 1.68571494474765
0.6660 0.55482980096153 1.68496515646907
0.6670 0.55444976188010 1.68421506019499
0.6680 0.55407039900290 1.68346465777388
0.6690 0.55369171146726 1.68271395105074
0.6700 0.55331369841126 1.68196294186716
0.6710 0.55293635897372 1.68121163206125
0.6720 0.55255969229419 1.68046002346768
0.6730 0.55218369751301 1.67970811791770
0.6740 0.55180837377123 1.67895591723907
0.6750 0.55143372021067 1.67820342325616
0.6760 0.55105973597393 1.67745063778986
0.6770 0.55068642020433 1.67669756265764
0.6780 0.55031377204599 1.67594419967353
0.6790 0.54994179064377 1.67519055064812
0.6800 0.54957047514332 1.67443661738856
0.6810 0.54919982469105 1.67368240169859
0.6820 0.54882983843414 1.67292790537849
0.6830 0.54846051552056 1.67217313022513
0.6840 0.54809185509903 1.67141807803195
0.6850 0.54772385631910 1.67066275058895
0.6860 0.54735651833106 1.66990714968272
0.6870 0.54698984028600 1.66915127709643
0.6880 0.54662382133581 1.66839513460980
0.6890 0.54625846063317 1.66763872399917
0.6900 0.54589375733154 1.66688204703744
0.6910 0.54552971058519 1.66612510549409
0.6920 0.54516631954917 1.66536790113519
0.6930 0.54480358337936 1.66461043572341
0.6940 0.54444150123243 1.66385271101800
0.6950 0.54408007226585 1.66309472877480
0.6960 0.54371929563790 1.66233649074624
0.6970 0.54335917050767 1.66157799868136
0.6980 0.54299969603508 1.66081925432577
0.6990 0.54264087138085 1.66006025942172
0.7000 0.54228269570651 1.65930101570801
0.7010 0.54192516817443 1.65854152492009
0.7020 0.54156828794779 1.65778178878999
0.7030 0.54121205419059 1.65702180904634
0.7040 0.54085646606767 1.65626158741441
0.7050 0.54050152274469 1.65550112561605
0.7060 0.54014722338813 1.65474042536973
0.7070 0.53979356716533 1.65397948839055
0.7080 0.53944055324443 1.65321831639022
0.7090 0.53908818079445 1.65245691107706
0.7100 0.53873644898521 1.65169527415601
0.7110 0.53838535698739 1.65093340732866
0.7120 0.53803490397251 1.65017131229320
0.7130 0.53768508911294 1.64940899074446
0.7140 0.53733591158188 1.64864644437388
0.7150 0.53698737055340 1.64788367486957
0.7160 0.53663946520240 1.64712068391625
0.7170 0.53629219470467 1.64635747319527
0.7180 0.53594555823680 1.64559404438465
0.7190 0.53559955497629 1.64483039915901
0.7200 0.53525418410147 1.64406653918965
0.7210 0.53490944479152 1.64330246614451
0.7220 0.53456533622653 1.64253818168815
0.7230 0.53422185758739 1.64177368748182
0.7240 0.53387900805592 1.64100898518341
0.7250 0.53353678681475 1.64024407644744
0.7260 0.53319519304743 1.63947896292513
0.7270 0.53285422593834 1.63871364626434
0.7280 0.53251388467276 1.63794812810959
0.7290 0.53217416843684 1.63718241010208
0.7300 0.53183507641761 1.63641649387965
0.7310 0.53149660780295 1.63565038107684
0.7320 0.53115876178166 1.63488407332486
0.7330 0.53082153754340 1.63411757225158
0.7340 0.53048493427871 1.63335087948156
0.7350 0.53014895117903 1.63258399663603
0.7360 0.52981358743668 1.63181692533292
0.7370 0.52947884224487 1.63104966718684
0.7380 0.52914471479769 1.63028222380908
0.7390 0.52881120429013 1.62951459680763
0.7400 0.52847830991807 1.62874678778717
0.7410 0.52814603087830 1.62797879834907
0.7420 0.52781436636847 1.62721063009143
0.7430 0.52748331558717 1.62644228460901
0.7440 0.52715287773386 1.62567376349329
0.7450 0.52682305200892 1.62490506833248
0.7460 0.52649383761360 1.62413620071147
0.7470 0.52616523375009 1.62336716221188
0.7480 0.52583723962148 1.62259795441204
0.7490 0.52550985443173 1.62182857888699
0.7500 0.52518307738576 1.62105903720851
0.7510 0.52485690768936 1.62028933094508
0.7520 0.52453134454925 1.61951946166194
0.7530 0.52420638717305 1.61874943092103
0.7540 0.52388203476930 1.61797924028103
0.7550 0.52355828654746 1.61720889129736
0.7560 0.52323514171789 1.61643838552218
0.7570 0.52291259949188 1.61566772450438
0.7580 0.52259065908164 1.61489690978961
0.7590 0.52226931970028 1.61412594292026
0.7600 0.52194858056186 1.61335482543546
0.7610 0.52162844088135 1.61258355887110
0.7620 0.52130889987462 1.61181214475984
0.7630 0.52098995675851 1.61104058463107
0.7640 0.52067161075074 1.61026888001096
0.7650 0.52035386107000 1.60949703242244
0.7660 0.52003670693586 1.60872504338522
0.7670 0.51972014756887 1.60795291441577
0.7680 0.51940418219048 1.60718064702731
0.7690 0.51908881002307 1.60640824272989
0.7700 0.51877403028996 1.60563570303029
0.7710 0.51845984221541 1.60486302943210
0.7720 0.51814624502461 1.60409022343568
0.7730 0.51783323794368 1.60331728653820
0.7740 0.51752082019969 1.60254422023360
0.7750 0.51720899102062 1.60177102601263
0.7760 0.51689774963543 1.60099770536283
0.7770 0.51658709527400 1.60022425976854
0.7780 0.51627702716713 1.59945069071091
0.7790 0.51596754454660 1.59867699966790
0.7800 0.51565864664510 1.59790318811427
0.7810 0.51535033269629 1.59712925752161
0.7820 0.51504260193477 1.59635520935831
0.7830 0.51473545359606 1.59558104508959
0.7840 0.51442888691666 1.59480676617750
0.7850 0.51412290113401 1.59403237408089
0.7860 0.51381749548648 1.59325787025547
0.7870 0.51351266921341 1.59248325615378
0.7880 0.51320842155507 1.59170853322517
0.7890 0.51290475175272 1.59093370291586
0.7900 0.51260165904852 1.59015876666889
0.7910 0.51229914268562 1.58938372592417
0.7920 0.51199720190812 1.58860858211843
0.7930 0.51169583596106 1.58783333668529
0.7940 0.51139504409044 1.58705799105518
0.7950 0.51109482554322 1.58628254665544
0.7960 0.51079517956731 1.58550700491023
0.7970 0.51049610541160 1.58473136724059
0.7980 0.51019760232592 1.58395563506445
0.7990 0.50989966956104 1.58317980979659
0.8000 0.50960230636873 1.58240389284866
0.8010 0.50930551200170 1.58162788562922
0.8020 0.50900928571361 1.58085178954368
0.8030 0.50871362675911 1.58007560599435
0.8040 0.50841853439379 1.57929933638043
0.8050 0.50812400787421 1.57852298209802
0.8060 0.50783004645790 1.57774654454011
0.8070 0.50753664940335 1.57697002509658
0.8080 0.50724381597000 1.57619342515423
0.8090 0.50695154541829 1.57541674609676
0.8100 0.50665983700960 1.57463998930478
0.8110 0.50636869000628 1.57386315615580
0.8120 0.50607810367165 1.57308624802428
0.8130 0.50578807727001 1.57230926628156
0.8140 0.50549861006662 1.57153221229595
0.8150 0.50520970132769 1.57075508743264
0.8160 0.50492135032044 1.56997789305379
0.8170 0.50463355631303 1.56920063051847
0.8180 0.50434631857459 1.56842330118270
0.8190 0.50405963637525 1.56764590639944
0.8200 0.50377350898608 1.56686844751858
0.8210 0.50348793567914 1.56609092588699
0.8220 0.50320291572746 1.56531334284846
0.8230 0.50291844840504 1.56453569974376
0.8240 0.50263453298685 1.56375799791061
0.8250 0.50235116874885 1.56298023868368
0.8260 0.50206835496797 1.56220242339463
0.8270 0.50178609092210 1.56142455337208
0.8280 0.50150437589011 1.56064662994161
0.8290 0.50122320915187 1.55986865442580
0.8300 0.50094258998819 1.55909062814421
0.8310 0.50066251768089 1.55831255241335
0.8320 0.50038299151275 1.55753442854676
0.8330 0.50010401076752 1.55675625785496
0.8340 0.49982557472995 1.55597804164544
0.8350 0.49954768268575 1.55519978122273
0.8360 0.49927033392161 1.55442147788833
0.8370 0.49899352772521 1.55364313294076
0.8380 0.49871726338520 1.55286474767555
0.8390 0.49844154019122 1.55208632338524
0.8400 0.49816635743387 1.55130786135940
0.8410 0.49789171440475 1.55052936288459
0.8420 0.49761761039644 1.54975082924443
0.8430 0.49734404470248 1.54897226171954
0.8440 0.49707101661740 1.54819366158760
0.8450 0.49679852543673 1.54741503012330
0.8460 0.49652657045697 1.54663636859838
0.8470 0.49625515097558 1.54585767828162
0.8480 0.49598426629103 1.54507896043886
0.8490 0.49571391570277 1.54430021633298
0.8500 0.49544409851121 1.54352144722390
0.8510 0.49517481401777 1.54274265436863
0.8520 0.49490606152483 1.54196383902122
0.8530 0.49463784033578 1.54118500243278
0.8540 0.49437014975495 1.54040614585151
0.8550 0.49410298908770 1.53962727052267
0.8560 0.49383635764034 1.53884837768859
0.8570 0.49357025472018 1.53806946858870
0.8580 0.49330467963551 1.53729054445950
0.8590 0.49303963169561 1.53651160653458
0.8600 0.49277511021072 1.53573265604463
0.8610 0.49251111449209 1.53495369421742
0.8620 0.49224764385195 1.53417472227784
0.8630 0.49198469760351 1.53339574144786
0.8640 0.49172227506095 1.53261675294657
0.8650 0.49146037553945 1.53183775799018
0.8660 0.49119899835519 1.53105875779200
0.8670 0.49093814282529 1.53027975356246
0.8680 0.49067780826790 1.52950074650911
0.8690 0.49041799400212 1.52872173783664
0.8700 0.49015869934807 1.52794272874686
0.8710 0.48989992362682 1.52716372043872
0.8720 0.48964166616044 1.52638471410829
0.8730 0.48938392627198 1.52560571094880
0.8740 0.48912670328548 1.52482671215061
0.8750 0.48886999652597 1.52404771890126
0.8760 0.48861380531945 1.52326873238540
0.8770 0.48835812899292 1.52248975378487
0.8780 0.48810296687434 1.52171078427866
0.8790 0.48784831829269 1.52093182504291
0.8800 0.48759418257789 1.52015287725095
0.8810 0.48734055906089 1.51937394207328
0.8820 0.48708744707360 1.51859502067756
0.8830 0.48683484594892 1.51781611422864
0.8840 0.48658275502072 1.51703722388856
0.8850 0.48633117362387 1.51625835081654
0.8860 0.48608010109422 1.51547949616899
0.8870 0.48582953676861 1.51470066109953
0.8880 0.48557947998486 1.51392184675895
0.8890 0.48532993008175 1.51314305429528
0.8900 0.48508088639909 1.51236428485373
0.8910 0.48483234827763 1.51158553957673
0.8920 0.48458431505914 1.51080681960393
0.8930 0.48433678608633 1.51002812607219
0.8940 0.48408976070294 1.50924946011560
0.8950 0.48384323825365 1.50847082286547
0.8960 0.48359721808416 1.50769221545036
0.8970 0.48335169954112 1.50691363899602
0.8980 0.48310668197219 1.50613509462550
0.8990 0.48286216472600 1.50535658345904
0.9000 0.48261814715215 1.50457810661415
0.9010 0.48237462860124 1.50379966520560
0.9020 0.48213160842485 1.50302126034539
0.9030 0.48188908597553 1.50224289314279
0.9040 0.48164706060681 1.50146456470434
0.9050 0.48140553167323 1.50068627613383
0.9060 0.48116449853026 1.49990802853233
0.9070 0.48092396053440 1.49912982299819
0.9080 0.48068391704310 1.49835166062702
0.9090 0.48044436741481 1.49757354251173
0.9100 0.48020531100894 1.49679546974251
0.9110 0.47996674718588 1.49601744340683
0.9120 0.47972867530702 1.49523946458947
0.9130 0.47949109473471 1.49446153437250
0.9140 0.47925400483229 1.49368365383528
0.9150 0.47901740496407 1.49290582405450
0.9160 0.47878129449534 1.49212804610414
0.9170 0.47854567279237 1.49135032105550
0.9180 0.47831053922240 1.49057264997720
0.9190 0.47807589315367 1.48979503393519
0.9200 0.47784173395536 1.48901747399272
0.9210 0.47760806099765 1.48823997121038 
0.9220 0.47737487365170 1.48746252664612
0.9230 0.47714217128963 1.48668514135520
0.9240 0.47690995328455 1.48590781639021
0.9250 0.47667821901053 1.48513055280112
0.9260 0.47644696784264 1.48435335163523
0.9270 0.47621619915689 1.48357621393719
0.9280 0.47598591233028 1.48279914074901
0.9290 0.47575610674080 1.48202213311007
0.9300 0.47552678176739 1.48124519205711
0.9310 0.47529793678997 1.48046831862424
0.9320 0.47506957118943 1.47969151384295
0.9330 0.47484168434765 1.47891477874208
0.9340 0.47461427564745 1.47813811434788
0.9350 0.47438734447265 1.47736152168398
0.9360 0.47416089020803 1.47658500177139
0.9370 0.47393491223933 1.47580855562853
0.9380 0.47370940995327 1.47503218427119
0.9390 0.47348438273755 1.47425588871260
0.9400 0.47325982998083 1.47347966996335
0.9410 0.47303575107272 1.47270352903147
0.9420 0.47281214540383 1.47192746692240
0.9430 0.47258901236572 1.47115148463900
0.9440 0.47236635135092 1.47037558318152
0.9450 0.47214416175293 1.46959976354768
0.9460 0.47192244296621 1.46882402673261
0.9470 0.47170119438619 1.46804837372886
0.9480 0.47148041540927 1.46727280552644
0.9490 0.47126010543281 1.46649732311278
0.9500 0.47104026385514 1.46572192747277
0.9510 0.47082089007554 1.46494661958875
0.9520 0.47060198349427 1.46417140044051
0.9530 0.47038354351254 1.46339627100530
0.9540 0.47016556953253 1.46262123225781
0.9550 0.46994806095739 1.46184628517023
0.9560 0.46973101719121 1.46107143071219
0.9570 0.46951443763907 1.46029666985081
0.9580 0.46929832170697 1.45952200355069
0.9590 0.46908266880192 1.45874743277390
0.9600 0.46886747833185 1.45797295848000
0.9610 0.46865274970566 1.45719858162604
0.9620 0.46843848233322 1.45642430316656
0.9630 0.46822467562535 1.45565012405360
0.9640 0.46801132899381 1.45487604523671
0.9650 0.46779844185135 1.45410206766293
0.9660 0.46758601361166 1.45332819227681
0.9670 0.46737404368938 1.45255442002043
0.9680 0.46716253150010 1.45178075183337
0.9690 0.46695147646039 1.45100718865275
0.9700 0.46674087798776 1.45023373141319
0.9710 0.46653073550066 1.44946038104686
0.9720 0.46632104841851 1.44868713848347
0.9730 0.46611181616168 1.44791400465023
0.9740 0.46590303815149 1.44714098047193
0.9750 0.46569471381020 1.44636806687090
0.9760 0.46548684256105 1.44559526476699
0.9770 0.46527942382819 1.44482257507764
0.9780 0.46507245703675 1.44404999871783
0.9790 0.46486594161280 1.44327753660010
0.9800 0.46465987698335 1.44250518963456
0.9810 0.46445426257637 1.44173295872889
0.9820 0.46424909782077 1.44096084478834
0.9830 0.46404438214640 1.44018884871574
0.9840 0.46384011498407 1.43941697141150
0.9850 0.46363629576553 1.43864521377362
0.9860 0.46343292392346 1.43787357669768
0.9870 0.46322999889150 1.43710206107686
0.9880 0.46302752010423 1.43633066780195
0.9890 0.46282548699718 1.43555939776131
0.9900 0.46262389900679 1.43478825184093
0.9910 0.46242275557048 1.43401723092440
0.9920 0.46222205612659 1.43324633589294
0.9930 0.46202180011441 1.43247556762536
0.9940 0.46182198697415 1.43170492699811
0.9950 0.46162261614698 1.43093441488525
0.9960 0.46142368707499 1.43016403215850
0.9970 0.46122519920122 1.42939377968719
0.9980 0.46102715196965 1.42862365833827
0.9990 0.46082954482518 1.42785366897637
1.0000 0.46063237721365 1.42708381246375