# Time t_n, Numerical sol. X_n, Exact sol. x(t_n), Error e_n
0.0000      0.10000000000000   0.10000000000000  0.0000000000e+00
0.0050      0.10045090086235   0.10045090086235  1.3739009930e-15
0.0100      0.10090360689754   0.10090360689755  2.7616797738e-15
0.0150      0.10135812327493   0.10135812327493  4.1772141302e-15
0.0200      0.10181445515984   0.10181445515984  5.5788706987e-15
0.0250      0.10227260771337   0.10227260771338  7.0082828429e-15
0.0300      0.10273258609222   0.10273258609222  8.4376949872e-15
0.0350      0.10319439544839   0.10319439544840  9.8393515557e-15
0.0400      0.10365804092907   0.10365804092908  1.1296519276e-14
0.0450      0.10412352767635   0.10412352767636  1.2739809208e-14
0.0500      0.10459086082704   0.10459086082705  1.4196976927e-14
0.0550      0.10506004551242   0.10506004551244  1.5668022435e-14
0.0600      0.10553108685807   0.10553108685809  1.7125190155e-14
0.0650      0.10600398998359   0.10600398998361  1.8596235662e-14
0.0700      0.10647876000240   0.10647876000242  2.0095036746e-14
0.0750      0.10695540202154   0.10695540202157  2.1566082253e-14
0.0800      0.10743392114140   0.10743392114143  2.3064883337e-14
0.0850      0.10791432245552   0.10791432245554  2.4577562208e-14
0.0900      0.10839661105032   0.10839661105035  2.6090241079e-14
0.0950      0.10888079200494   0.10888079200497  2.7602919950e-14
0.1000      0.10936687039093   0.10936687039096  2.9143354396e-14
0.1050      0.10985485127205   0.10985485127208  3.0669911055e-14
0.1100      0.11034473970405   0.11034473970408  3.2196467714e-14
0.1150      0.11083654073437   0.11083654073441  3.3750779949e-14
0.1200      0.11133025940198   0.11133025940201  3.5332847759e-14
0.1250      0.11182590073705   0.11182590073709  3.6887159993e-14
0.1300      0.11232346976079   0.11232346976083  3.8455350015e-14
0.1350      0.11282297148515   0.11282297148519  4.0037417826e-14
0.1400      0.11332441091257   0.11332441091261  4.1647241211e-14
0.1450      0.11382779303577   0.11382779303582  4.3201553446e-14
0.1500      0.11433312283747   0.11433312283751  4.4825254619e-14
0.1550      0.11484040529012   0.11484040529017  4.6407322429e-14
0.1600      0.11534964535571   0.11534964535575  4.8044901391e-14
0.1650      0.11586084798542   0.11586084798547  4.9682480352e-14
0.1700      0.11637401811947   0.11637401811952  5.1292303738e-14
0.1750      0.11688916068675   0.11688916068680  5.2916004911e-14
0.1800      0.11740628060465   0.11740628060470  5.4581339448e-14
0.1850      0.11792538277874   0.11792538277879  5.6218918409e-14
0.1900      0.11844647210253   0.11844647210259  5.7898130734e-14
0.1950      0.11896955345720   0.11896955345726  5.9549587483e-14
0.2000      0.11949463171133   0.11949463171139  6.1242677596e-14
0.2050      0.12002171172063   0.12002171172069  6.2921889921e-14
0.2100      0.12055079832766   0.12055079832773  6.4601102245e-14
0.2150      0.12108189636158   0.12108189636165  6.6280314570e-14
0.2200      0.12161501063786   0.12161501063793  6.8001160258e-14
0.2250      0.12215014595798   0.12215014595805  6.9708128159e-14
0.2300      0.12268730710921   0.12268730710928  7.1428973847e-14
0.2350      0.12322649886427   0.12322649886435  7.3149819535e-14
0.2400      0.12376772598110   0.12376772598118  7.4884543011e-14
0.2450      0.12431099320254   0.12431099320262  7.6619266487e-14
0.2500      0.12485630525605   0.12485630525613  7.8381745539e-14
0.2550      0.12540366685344   0.12540366685352  8.0130346802e-14
0.2600      0.12595308269058   0.12595308269066  8.1906703642e-14
0.2650      0.12650455744709   0.12650455744718  8.3683060481e-14
0.2700      0.12705809578608   0.12705809578617  8.5431661745e-14
0.2750      0.12761370235383   0.12761370235392  8.7235774160e-14
0.2800      0.12817138177951   0.12817138177960  8.9012130999e-14
0.2850      0.12873113867487   0.12873113867496  9.0816243414e-14
0.2900      0.12929297763398   0.12929297763407  9.2620355829e-14
0.2950      0.12985690323287   0.12985690323297  9.4424468244e-14
0.3000      0.13042292002930   0.13042292002939  9.6256336235e-14
0.3050      0.13099103256239   0.13099103256248  9.8060448650e-14
0.3100      0.13156124535236   0.13156124535246  9.9920072216e-14
0.3150      0.13213356290022   0.13213356290032  1.0175194021e-13
0.3200      0.13270798968745   0.13270798968756  1.0358380820e-13
0.3250      0.13328453017570   0.13328453017581  1.0541567619e-13
0.3300      0.13386318880648   0.13386318880659  1.0727529975e-13
0.3350      0.13444397000084   0.13444397000095  1.0916267890e-13
0.3400      0.13502687815906   0.13502687815917  1.1102230246e-13
0.3450      0.13561191766036   0.13561191766047  1.1288192603e-13
0.3500      0.13619909286255   0.13619909286267  1.1474154960e-13
0.3550      0.13678840810173   0.13678840810185  1.1665668431e-13
0.3600      0.13737986769198   0.13737986769209  1.1854406345e-13
0.3650      0.13797347592500   0.13797347592512  1.2045919817e-13
0.3700      0.13856923706984   0.13856923706996  1.2234657731e-13
0.3750      0.13916715537256   0.13916715537268  1.2426171203e-13
0.3800      0.13976723505587   0.13976723505600  1.2620460232e-13
0.3850      0.14036948031888   0.14036948031901  1.2811973704e-13
0.3900      0.14097389533669   0.14097389533682  1.3009038291e-13
0.3950      0.14158048426010   0.14158048426023  1.3203327320e-13
0.4000      0.14218925121531   0.14218925121544  1.3397616350e-13
0.4050      0.14280020030352   0.14280020030365  1.3594680937e-13
0.4100      0.14341333560066   0.14341333560080  1.3788969966e-13
0.4150      0.14402866115703   0.14402866115717  1.3988810110e-13
0.4200      0.14464618099697   0.14464618099711  1.4180323582e-13
0.4250      0.14526589911849   0.14526589911864  1.4380163726e-13
0.4300      0.14588781949301   0.14588781949315  1.4577228313e-13
0.4350      0.14651194606493   0.14651194606508  1.4777068458e-13
0.4400      0.14713828275137   0.14713828275152  1.4974133045e-13
0.4450      0.14776683344177   0.14776683344192  1.5173973189e-13
0.4500      0.14839760199758   0.14839760199773  1.5373813333e-13
0.4550      0.14903059225190   0.14903059225206  1.5573653478e-13
0.4600      0.14966580800915   0.14966580800931  1.5776269180e-13
0.4650      0.15030325304471   0.15030325304487  1.5976109324e-13
0.4700      0.15094293110457   0.15094293110473  1.6181500584e-13
0.4750      0.15158484590501   0.15158484590517  1.6384116286e-13
0.4800      0.15222900113222   0.15222900113238  1.6589507545e-13
0.4850      0.15287540044195   0.15287540044212  1.6792123247e-13
0.4900      0.15352404745919   0.15352404745936  1.6997514507e-13
0.4950      0.15417494577778   0.15417494577795  1.7205681324e-13
0.5000      0.15482809896008   0.15482809896025  1.7413848141e-13
0.5050      0.15548351053660   0.15548351053678  1.7619239401e-13
0.5100      0.15614118400566   0.15614118400584  1.7830181775e-13
0.5150      0.15680112283302   0.15680112283320  1.8035573035e-13
0.5200      0.15746333045153   0.15746333045171  1.8243739852e-13
0.5250      0.15812781026078   0.15812781026096  1.8451906669e-13
0.5300      0.15879456562670   0.15879456562689  1.8662849044e-13
0.5350      0.15946359988127   0.15946359988145  1.8873791419e-13
0.5400      0.16013491632208   0.16013491632227  1.9081958236e-13
0.5450      0.16080851821204   0.16080851821223  1.9292900610e-13
0.5500      0.16148440877896   0.16148440877915  1.9501067428e-13
0.5550      0.16216259121522   0.16216259121542  1.9712009802e-13
0.5600      0.16284306867740   0.16284306867760  1.9928503292e-13
0.5650      0.16352584428590   0.16352584428610  2.0139445667e-13
0.5700      0.16421092112459   0.16421092112480  2.0355939157e-13
0.5750      0.16489830224045   0.16489830224065  2.0569657089e-13
0.5800      0.16558799064316   0.16558799064337  2.0780599463e-13
0.5850      0.16627998930480   0.16627998930501  2.0994317396e-13
0.5900      0.16697430115942   0.16697430115964  2.1213586443e-13
0.5950      0.16767092910271   0.16767092910293  2.1427304375e-13
0.6000      0.16836987599160   0.16836987599182  2.1643797865e-13
0.6050      0.16907114464393   0.16907114464415  2.1860291355e-13
0.6100      0.16977473783802   0.16977473783825  2.2076784845e-13
0.6150      0.17048065831238   0.17048065831260  2.2293278334e-13
0.6200      0.17118890876524   0.17118890876546  2.2512547382e-13
0.6250      0.17189949185426   0.17189949185449  2.2731816429e-13
0.6300      0.17261241019614   0.17261241019637  2.2948309919e-13
0.6350      0.17332766636620   0.17332766636643  2.3170354524e-13
0.6400      0.17404526289807   0.17404526289830  2.3389623571e-13
0.6450      0.17476520228326   0.17476520228350  2.3608892619e-13
0.6500      0.17548748697084   0.17548748697108  2.3830937224e-13
0.6550      0.17621211936703   0.17621211936727  2.4052981829e-13
0.6600      0.17693910183482   0.17693910183506  2.4275026433e-13
0.6650      0.17766843669363   0.17766843669387  2.4497071038e-13
0.6700      0.17840012621890   0.17840012621915  2.4716340086e-13
0.6750      0.17913417264174   0.17913417264199  2.4941160248e-13
0.6800      0.17987057814854   0.17987057814879  2.5163204853e-13
0.6850      0.18060934488060   0.18060934488086  2.5385249458e-13
0.6900      0.18135047493376   0.18135047493401  2.5610069621e-13
0.6950      0.18209397035800   0.18209397035826  2.5832114225e-13
0.7000      0.18283983315711   0.18283983315737  2.6056934388e-13
0.7050      0.18358806528827   0.18358806528854  2.6281754550e-13
0.7100      0.18433866866170   0.18433866866197  2.6506574713e-13
0.7150      0.18509164514028   0.18509164514055  2.6728619318e-13
0.7200      0.18584699653916   0.18584699653943  2.6953439480e-13
0.7250      0.18660472462541   0.18660472462568  2.7181035200e-13
0.7300      0.18736483111764   0.18736483111791  2.7408630920e-13
0.7350      0.18812731768560   0.18812731768587  2.7633451083e-13
0.7400      0.18889218594984   0.18889218595012  2.7858271245e-13
0.7450      0.18965943748131   0.18965943748160  2.8088642523e-13
0.7500      0.19042907380102   0.19042907380131  2.8316238243e-13
0.7550      0.19120109637963   0.19120109637991  2.8543833963e-13
0.7600      0.19197550663708   0.19197550663737  2.8768654126e-13
0.7650      0.19275230594225   0.19275230594254  2.8999025403e-13
0.7700      0.19353149561257   0.19353149561286  2.9229396681e-13
0.7750      0.19431307691363   0.19431307691392  2.9456992401e-13
0.7800      0.19509705105884   0.19509705105913  2.9681812563e-13
0.7850      0.19588341920904   0.19588341920934  2.9912183841e-13
0.7900      0.19667218247216   0.19667218247246  3.0139779561e-13
0.7950      0.19746334190280   0.19746334190310  3.0372926396e-13
0.8000      0.19825689850190   0.19825689850220  3.0600522116e-13
0.8050      0.19905285321637   0.19905285321668  3.0828117836e-13
0.8100      0.19985120693872   0.19985120693903  3.1058489114e-13
0.8150      0.20065196050669   0.20065196050700  3.1283309276e-13
0.8200      0.20145511470288   0.20145511470319  3.1519231669e-13
0.8250      0.20226067025440   0.20226067025472  3.1749602947e-13
0.8300      0.20306862783251   0.20306862783283  3.1974423109e-13
0.8350      0.20387898805223   0.20387898805255  3.2202018829e-13
0.8400      0.20469175147202   0.20469175147234  3.2429614549e-13
0.8450      0.20550691859338   0.20550691859371  3.2665536942e-13
0.8500      0.20632448986054   0.20632448986086  3.2895908220e-13
0.8550      0.20714446566003   0.20714446566036  3.3129055055e-13
0.8600      0.20796684632041   0.20796684632074  3.3359426332e-13
0.8650      0.20879163211184   0.20879163211218  3.3592573168e-13
0.8700      0.20961882324579   0.20961882324612  3.3817393330e-13
0.8750      0.21044841987462   0.21044841987496  3.4053315723e-13
0.8800      0.21128042209130   0.21128042209164  3.4286462558e-13
0.8850      0.21211482992900   0.21211482992935  3.4519609393e-13
0.8900      0.21295164336079   0.21295164336114  3.4744429556e-13
0.8950      0.21379086229926   0.21379086229961  3.4974800833e-13
0.9000      0.21463248659618   0.21463248659653  3.5210723226e-13
0.9050      0.21547651604217   0.21547651604253  3.5441094504e-13
0.9100      0.21632295036636   0.21632295036672  3.5674241339e-13
0.9150      0.21717178923604   0.21717178923639  3.5907388174e-13
0.9200      0.21802303225629   0.21802303225666  3.6137759452e-13
0.9250      0.21887667896973   0.21887667897010  3.6365355172e-13
0.9300      0.21973272885609   0.21973272885646  3.6598502007e-13
0.9350      0.22059118133194   0.22059118133231  3.6831648842e-13
0.9400      0.22145203575033   0.22145203575070  3.7064795677e-13
0.9450      0.22231529140046   0.22231529140083  3.7295166955e-13
0.9500      0.22318094750738   0.22318094750775  3.7528313790e-13
0.9550      0.22404900323163   0.22404900323201  3.7758685068e-13
0.9600      0.22491945766894   0.22491945766932  3.7991831903e-13
0.9650      0.22579230984991   0.22579230985029  3.8216652065e-13
0.9700      0.22666755873967   0.22666755874005  3.8455350015e-13
0.9750      0.22754520323758   0.22754520323797  3.8682945736e-13
0.9800      0.22842524217693   0.22842524217731  3.8916092571e-13
0.9850      0.22930767432458   0.22930767432497  3.9152014963e-13
0.9900      0.23019249838070   0.23019249838110  3.9379610683e-13
0.9950      0.23107971297846   0.23107971297885  3.9612757519e-13
1.0000      0.23196931668368   0.23196931668407  3.9837577681e-13
1.0050      0.23286130799457   0.23286130799497  4.0076275631e-13
1.0100      0.23375568534142   0.23375568534183  4.0303871351e-13
1.0150      0.23465244708631   0.23465244708671  4.0534242629e-13
1.0200      0.23555159152278   0.23555159152319  4.0761838349e-13
1.0250      0.23645311687560   0.23645311687601  4.0994985184e-13
1.0300      0.23735702130041   0.23735702130082  4.1225356462e-13
1.0350      0.23826330288349   0.23826330288391  4.1450176624e-13
1.0400      0.23917195964147   0.23917195964188  4.1683323460e-13
1.0450      0.24008298952099   0.24008298952141  4.1910919180e-13
1.0500      0.24099639039852   0.24099639039894  4.2144066015e-13
1.0550      0.24191216008000   0.24191216008042  4.2371661735e-13
1.0600      0.24283029630061   0.24283029630103  4.2602033012e-13
1.0650      0.24375079672450   0.24375079672493  4.2829628732e-13
1.0700      0.24467365894452   0.24467365894495  4.3057224453e-13
1.0750      0.24559888048194   0.24559888048237  4.3284820173e-13
1.0800      0.24652645878622   0.24652645878665  4.3517967008e-13
1.0850      0.24745639123473   0.24745639123517  4.3740011613e-13
1.0900      0.24838867513253   0.24838867513297  4.3975934005e-13
1.0950      0.24932330771208   0.24932330771253  4.4195203053e-13
1.1000      0.25026028613302   0.25026028613346  4.4425574330e-13
1.1050      0.25119960748191   0.25119960748236  4.4647618935e-13
1.1100      0.25214126877202   0.25214126877247  4.4875214655e-13
1.1150      0.25308526694308   0.25308526694353  4.5102810375e-13
1.1200      0.25403159886101   0.25403159886147  4.5335957211e-13
1.1250      0.25498026131778   0.25498026131823  4.5552450700e-13
1.1300      0.25593125103108   0.25593125103154  4.5780046420e-13
1.1350      0.25688456464420   0.25688456464466  4.6002091025e-13
1.1400      0.25784019872573   0.25784019872620  4.6229686745e-13
1.1450      0.25879814976941   0.25879814976987  4.6451731350e-13
1.1500      0.25975841419386   0.25975841419433  4.6679327070e-13
1.1550      0.26072098834245   0.26072098834292  4.6901371675e-13
1.1600      0.26168586848301   0.26168586848348  4.7117865165e-13
1.1650      0.26265305080772   0.26265305080820  4.7345460885e-13
1.1700      0.26362253143286   0.26362253143334  4.7567505490e-13
1.1750      0.26459430639863   0.26459430639911  4.7789550095e-13
1.1800      0.26556837166898   0.26556837166946  4.8006043585e-13
1.1850      0.26654472313142   0.26654472313190  4.8228088190e-13
1.1900      0.26752335659685   0.26752335659733  4.8450132795e-13
1.1950      0.26850426779936   0.26850426779985  4.8672177400e-13
1.2000      0.26948745239611   0.26948745239660  4.8888670889e-13
1.2050      0.27047290596714   0.27047290596763  4.9105164379e-13
1.2100      0.27146062401518   0.27146062401568  4.9321657869e-13
1.2150      0.27245060196557   0.27245060196606  4.9543702474e-13
1.2200      0.27344283516602   0.27344283516652  4.9765747079e-13
1.2250      0.27443731888655   0.27443731888705  4.9982240569e-13
1.2300      0.27543404831929   0.27543404831979  5.0193182943e-13
1.2350      0.27643301857837   0.27643301857887  5.0409676433e-13
1.2400      0.27743422469976   0.27743422470027  5.0631721038e-13
1.2450      0.27843766164120   0.27843766164171  5.0848214528e-13
1.2500      0.27944332428200   0.27944332428252  5.1064708018e-13
1.2550      0.28045120742300   0.28045120742352  5.1275650392e-13
1.2600      0.28146130578640   0.28146130578692  5.1486592767e-13
1.2650      0.28247361401568   0.28247361401619  5.1708637372e-13
1.2700      0.28348812667547   0.28348812667599  5.1919579747e-13
1.2750      0.28450483825151   0.28450483825203  5.2141624352e-13
1.2800      0.28552374315049   0.28552374315101  5.2347015611e-13
1.2850      0.28654483569999   0.28654483570052  5.2557957986e-13
1.2900      0.28756811014842   0.28756811014894  5.2768900360e-13
1.2950      0.28859356066489   0.28859356066542  5.2974291620e-13
1.3000      0.28962118133919   0.28962118133972  5.3190785110e-13
1.3050      0.29065096618169   0.29065096618222  5.3396176369e-13
1.3100      0.29168290912329   0.29168290912383  5.3607118744e-13
1.3150      0.29271700401537   0.29271700401591  5.3812510004e-13
1.3200      0.29375324462971   0.29375324463025  5.4023452378e-13
1.3250      0.29479162465847   0.29479162465901  5.4228843638e-13
1.3300      0.29583213771415   0.29583213771470  5.4434234897e-13
1.3350      0.29687477732954   0.29687477733009  5.4645177272e-13
1.3400      0.29791953695770   0.29791953695824  5.4850568532e-13
1.3450      0.29896640997191   0.29896640997246  5.5055959791e-13
1.3500      0.30001538966571   0.30001538966626  5.5261351051e-13
1.3550      0.30106646925281   0.30106646925337  5.5461191195e-13
1.3600      0.30211964186716   0.30211964186772  5.5666582455e-13
1.3650      0.30317490056287   0.30317490056343  5.5871973714e-13
1.3700      0.30423223831428   0.30423223831485  5.6077364974e-13
1.3750      0.30529164801593   0.30529164801650  5.6271654003e-13
1.3800      0.30635312248259   0.30635312248315  5.6477045263e-13
1.3850      0.30741665444926   0.30741665444982  5.6671334292e-13
1.3900      0.30848223657123   0.30848223657180  5.6871174436e-13
1.3950      0.30954986142408   0.30954986142466  5.7071014581e-13
1.4000      0.31061952150376   0.31061952150433  5.7276405840e-13
1.4050      0.31169120922657   0.31169120922714  5.7465143755e-13
1.4100      0.31276491692926   0.31276491692984  5.7659432784e-13
1.4150      0.31384063686908   0.31384063686966  5.7859272928e-13
1.4200      0.31491836122381   0.31491836122439  5.8053561958e-13
1.4250      0.31599808209187   0.31599808209245  5.8242299872e-13
1.4300      0.31707979149236   0.31707979149294  5.8436588901e-13
1.4350      0.31816348136516   0.31816348136574  5.8630877930e-13
1.4400      0.31924914357099   0.31924914357158  5.8825166960e-13
1.4450      0.32033676989155   0.32033676989214  5.9013904874e-13
1.4500      0.32142635202956   0.32142635203015  5.9197091673e-13
1.4550      0.32251788160888   0.32251788160948  5.9396931817e-13
1.4600      0.32361135017467   0.32361135017526  5.9585669732e-13
1.4650      0.32470674919342   0.32470674919402  5.9774407646e-13
1.4700      0.32580407005315   0.32580407005375  5.9963145560e-13
1.4750      0.32690330406348   0.32690330406408  6.0146332359e-13
1.4800      0.32800444245581   0.32800444245641  6.0335070273e-13
1.4850      0.32910747638342   0.32910747638403  6.0518257072e-13
1.4900      0.33021239692166   0.33021239692227  6.0701443871e-13
1.4950      0.33131919506806   0.33131919506867  6.0890181786e-13
1.5000      0.33242786174251   0.33242786174312  6.1067817470e-13
1.5050      0.33353838778743   0.33353838778804  6.1251004269e-13
1.5100      0.33465076396794   0.33465076396856  6.1423088837e-13
1.5150      0.33576498097203   0.33576498097264  6.1611826752e-13
1.5200      0.33688102941073   0.33688102941135  6.1789462436e-13
1.5250      0.33799889981836   0.33799889981898  6.1961547004e-13
1.5300      0.33911858265264   0.33911858265326  6.2144733803e-13
1.5350      0.34024006829497   0.34024006829559  6.2322369487e-13
1.5400      0.34136334705060   0.34136334705123  6.2483351826e-13
1.5450      0.34248840914886   0.34248840914948  6.2666538625e-13
1.5500      0.34361524474335   0.34361524474398  6.2844174309e-13
1.5550      0.34474384391225   0.34474384391288  6.3010707763e-13
1.5600      0.34587419665844   0.34587419665907  6.3182792331e-13
1.5650      0.34700629290985   0.34700629291048  6.3349325785e-13
1.5700      0.34814012251964   0.34814012252027  6.3521410354e-13
1.5750      0.34927567526647   0.34927567526710  6.3687943808e-13
1.5800      0.35041294085477   0.35041294085541  6.3860028376e-13
1.5850      0.35155190891501   0.35155190891565  6.4021010715e-13
1.5900      0.35269256900397   0.35269256900461  6.4193095284e-13
1.5950      0.35383491060499   0.35383491060563  6.4354077622e-13
1.6000      0.35497892312831   0.35497892312895  6.4515059961e-13
1.6050      0.35612459591131   0.35612459591195  6.4681593415e-13
1.6100      0.35727191821885   0.35727191821950  6.4848126868e-13
1.6150      0.35842087924355   0.35842087924420  6.4998006977e-13
1.6200      0.35957146810612   0.35957146810677  6.5164540430e-13
1.6250      0.36072367385565   0.36072367385630  6.5325522769e-13
1.6300      0.36187748546997   0.36187748547062  6.5480953992e-13
1.6350      0.36303289185595   0.36303289185660  6.5636385216e-13
1.6400      0.36418988184985   0.36418988185051  6.5791816439e-13
1.6450      0.36534844421768   0.36534844421834  6.5947247663e-13
1.6500      0.36650856765551   0.36650856765617  6.6102678886e-13
1.6550      0.36767024078987   0.36767024079053  6.6247007879e-13
1.6600      0.36883345217806   0.36883345217873  6.6407990218e-13
1.6650      0.36999819030859   0.36999819030925  6.6552319211e-13
1.6700      0.37116444360147   0.37116444360214  6.6707750435e-13
1.6750      0.37233220040867   0.37233220040934  6.6857630543e-13
1.6800      0.37350144901446   0.37350144901513  6.7001959536e-13
1.6850      0.37467217763580   0.37467217763648  6.7146288529e-13
1.6900      0.37584437442279   0.37584437442346  6.7290617523e-13
1.6950      0.37701802745900   0.37701802745967  6.7446048746e-13
1.7000      0.37819312476195   0.37819312476263  6.7590377739e-13
1.7050      0.37936965428350   0.37936965428417  6.7729155617e-13
1.7100      0.38054760391025   0.38054760391093  6.7873484610e-13
1.7150      0.38172696146403   0.38172696146471  6.8012262489e-13
1.7200      0.38290771470227   0.38290771470295  6.8151040367e-13
1.7250      0.38408985131849   0.38408985131917  6.8300920475e-13
1.7300      0.38527335894274   0.38527335894342  6.8434147238e-13
1.7350      0.38645822514202   0.38645822514271  6.8572925116e-13
1.7400      0.38764443742079   0.38764443742148  6.8706151879e-13
1.7450      0.38883198322141   0.38883198322210  6.8850480872e-13
1.7500      0.39002084992460   0.39002084992529  6.8978156520e-13
1.7550      0.39121102484995   0.39121102485064  6.9122485513e-13
1.7600      0.39240249525637   0.39240249525706  6.9244610046e-13
1.7650      0.39359524834261   0.39359524834331  6.9377836809e-13
1.7700      0.39478927124774   0.39478927124844  6.9505512457e-13
1.7750      0.39598455105165   0.39598455105235  6.9633188104e-13
1.7800      0.39718107477555   0.39718107477625  6.9760863752e-13
1.7850      0.39837882938252   0.39837882938322  6.9888539400e-13
1.7900      0.39957780177796   0.39957780177866  7.0010663933e-13
1.7950      0.40077797881019   0.40077797881090  7.0132788466e-13
1.8000      0.40197934727093   0.40197934727164  7.0254912998e-13
1.8050      0.40318189389585   0.40318189389655  7.0377037531e-13
1.8100      0.40438560536509   0.40438560536580  7.0510264294e-13
1.8150      0.40559046830386   0.40559046830456  7.0621286596e-13
1.8200      0.40679646928292   0.40679646928362  7.0748962244e-13
1.8250      0.40800359481919   0.40800359481990  7.0865535662e-13
1.8300      0.40921183137630   0.40921183137701  7.0982109079e-13
1.8350      0.41042116536514   0.41042116536585  7.1093131382e-13
1.8400      0.41163158314443   0.41163158314514  7.1215255915e-13
1.8450      0.41284307102134   0.41284307102205  7.1326278217e-13
1.8500      0.41405561525202   0.41405561525273  7.1442851635e-13
1.8550      0.41526920204221   0.41526920204293  7.1548322822e-13
1.8600      0.41648381754786   0.41648381754857  7.1670447355e-13
1.8650      0.41769944787566   0.41769944787638  7.1775918542e-13
1.8700      0.41891607908371   0.41891607908443  7.1892491960e-13
1.8750      0.42013369718210   0.42013369718282  7.1992412032e-13
1.8800      0.42135228813351   0.42135228813423  7.2103434334e-13
1.8850      0.42257183785385   0.42257183785457  7.2208905522e-13
1.8900      0.42379233221286   0.42379233221359  7.2314376709e-13
1.8950      0.42501375703477   0.42501375703549  7.2419847896e-13
1.9000      0.42623609809887   0.42623609809960  7.2525319084e-13
1.9050      0.42745934114023   0.42745934114096  7.2625239156e-13
1.9100      0.42868347185026   0.42868347185099  7.2725159228e-13
1.9150      0.42990847587740   0.42990847587813  7.2825079300e-13
1.9200      0.43113433882777   0.43113433882850  7.2919448257e-13
1.9250      0.43236104626578   0.43236104626651  7.3013817214e-13
1.9300      0.43358858371484   0.43358858371557  7.3108186172e-13
1.9350      0.43481693665800   0.43481693665873  7.3208106244e-13
1.9400      0.43604609053861   0.43604609053934  7.3302475201e-13
1.9450      0.43727603076098   0.43727603076172  7.3402395273e-13
1.9500      0.43850674269110   0.43850674269184  7.3491213115e-13
1.9550      0.43973821165726   0.43973821165799  7.3580030957e-13
1.9600      0.44097042295076   0.44097042295150  7.3663297684e-13
1.9650      0.44220336182661   0.44220336182735  7.3757666641e-13
1.9700      0.44343701350418   0.44343701350492  7.3840933368e-13
1.9750      0.44467136316793   0.44467136316867  7.3929751210e-13
1.9800      0.44590639596808   0.44590639596882  7.4013017937e-13
1.9850      0.44714209702134   0.44714209702208  7.4107386894e-13
1.9900      0.44837845141156   0.44837845141231  7.4179551390e-13
1.9950      0.44961544419052   0.44961544419126  7.4262818117e-13
2.0000      0.45085306037854   0.45085306037928  7.4346084844e-13
2.0050      0.45209128496528   0.45209128496602  7.4418249341e-13
2.0100      0.45333010291041   0.45333010291115  7.4501516067e-13
2.0150      0.45456949914434   0.45456949914508  7.4584782794e-13
2.0200      0.45580945856894   0.45580945856968  7.4651396176e-13
2.0250      0.45704996605827   0.45704996605902  7.4734662903e-13
2.0300      0.45829100645933   0.45829100646008  7.4812378514e-13
2.0350      0.45953256459274   0.45953256459349  7.4884543011e-13
2.0400      0.46077462525352   0.46077462525427  7.4956707508e-13
2.0450      0.46201717321181   0.46201717321256  7.5017769774e-13
2.0500      0.46326019321360   0.46326019321435  7.5084383155e-13
2.0550      0.46450366998149   0.46450366998224  7.5173200997e-13
2.0600      0.46574758821543   0.46574758821618  7.5234263264e-13
2.0650      0.46699193259346   0.46699193259422  7.5295325530e-13
2.0700      0.46823668777247   0.46823668777322  7.5361938912e-13
2.0750      0.46948183838893   0.46948183838968  7.5434103408e-13
2.0800      0.47072736905966   0.47072736906042  7.5495165675e-13
2.0850      0.47197326438261   0.47197326438336  7.5556227941e-13
2.0900      0.47321950893755   0.47321950893831  7.5617290207e-13
2.0950      0.47446608728691   0.47446608728766  7.5689454704e-13
2.1000      0.47571298397647   0.47571298397723  7.5750516970e-13
2.1050      0.47696018353618   0.47696018353694  7.5794925891e-13
2.1100      0.47820767048089   0.47820767048165  7.5861539273e-13
2.1150      0.47945542931112   0.47945542931188  7.5922601539e-13
2.1200      0.48070344451385   0.48070344451461  7.5978112690e-13
2.1250      0.48195170056326   0.48195170056402  7.6022521611e-13
2.1300      0.48320018192152   0.48320018192228  7.6078032762e-13
2.1350      0.48444887303956   0.48444887304032  7.6139095029e-13
2.1400      0.48569775835784   0.48569775835860  7.6189055065e-13
2.1450      0.48694682230711   0.48694682230788  7.6239015101e-13
2.1500      0.48819604930923   0.48819604930999  7.6283424022e-13
2.1550      0.48944542377788   0.48944542377864  7.6344486288e-13
2.1600      0.49069493011940   0.49069493012016  7.6388895209e-13
2.1650      0.49194455273352   0.49194455273428  7.6433304130e-13
2.1700      0.49319427601417   0.49319427601494  7.6477713051e-13
2.1750      0.49444408435027   0.49444408435103  7.6533224203e-13
2.1800      0.49569396212644   0.49569396212720  7.6572082008e-13
2.1850      0.49694389372387   0.49694389372463  7.6616490929e-13
2.1900      0.49819386352104   0.49819386352181  7.6655348735e-13
2.1950      0.49944385589453   0.49944385589530  7.6694206541e-13
2.2000      0.50069385521978   0.50069385522055  7.6738615462e-13
2.2050      0.50194384587190   0.50194384587267  7.6771922153e-13
2.2100      0.50319381222641   0.50319381222718  7.6805228844e-13
2.2150      0.50444373866006   0.50444373866083  7.6838535534e-13
2.2200      0.50569360955160   0.50569360955237  7.6894046686e-13
2.2250      0.50694340928254   0.50694340928331  7.6916251146e-13
2.2300      0.50819312223797   0.50819312223874  7.6960660067e-13
2.2350      0.50944273280730   0.50944273280807  7.6982864528e-13
2.2400      0.51069222538505   0.51069222538582  7.7038375679e-13
2.2450      0.51194158437166   0.51194158437243  7.7060580139e-13
2.2500      0.51319079417423   0.51319079417500  7.7082784600e-13
2.2550      0.51443983920732   0.51443983920809  7.7116091290e-13
2.2600      0.51568870389371   0.51568870389449  7.7149397981e-13
2.2650      0.51693737266520   0.51693737266597  7.7171602442e-13
2.2700      0.51818582996335   0.51818582996412  7.7193806902e-13
2.2750      0.51943406024030   0.51943406024107  7.7227113593e-13
2.2800      0.52068204795949   0.52068204796027  7.7249318053e-13
2.2850      0.52192977759650   0.52192977759727  7.7282624744e-13
2.2900      0.52317723363974   0.52317723364051  7.7304829205e-13
2.2950      0.52442440059128   0.52442440059205  7.7315931435e-13
2.3000      0.52567126296760   0.52567126296837  7.7360340356e-13
2.3050      0.52691780530034   0.52691780530111  7.7371442586e-13
2.3100      0.52816401213710   0.52816401213788  7.7393647047e-13
2.3150      0.52940986804217   0.52940986804294  7.7415851507e-13
2.3200      0.53065535759729   0.53065535759806  7.7426953737e-13
2.3250      0.53190046540244   0.53190046540322  7.7460260428e-13
2.3300      0.53314517607658   0.53314517607736  7.7471362658e-13
2.3350      0.53438947425840   0.53438947425917  7.7482464889e-13
2.3400      0.53563334460707   0.53563334460784  7.7504669349e-13
2.3450      0.53687677180301   0.53687677180378  7.7526873810e-13
2.3500      0.53811974054862   0.53811974054940  7.7526873810e-13
2.3550      0.53936223556905   0.53936223556983  7.7526873810e-13
2.3600      0.54060424161292   0.54060424161370  7.7549078270e-13
2.3650      0.54184574345307   0.54184574345385  7.7571282731e-13
2.3700      0.54308672588731   0.54308672588808  7.7571282731e-13
2.3750      0.54432717373912   0.54432717373990  7.7582384961e-13
2.3800      0.54556707185844   0.54556707185922  7.7582384961e-13
2.3850      0.54680640512237   0.54680640512315  7.7593487191e-13
2.3900      0.54804515843589   0.54804515843666  7.7604589421e-13
2.3950      0.54928331673259   0.54928331673336  7.7615691652e-13
2.4000      0.55052086497541   0.55052086497619  7.7615691652e-13
2.4050      0.55175778815735   0.55175778815813  7.7637896112e-13
2.4100      0.55299407130219   0.55299407130296  7.7637896112e-13
2.4150      0.55422969946516   0.55422969946594  7.7626793882e-13
2.4200      0.55546465773373   0.55546465773451  7.7637896112e-13
2.4250      0.55669893122826   0.55669893122903  7.7637896112e-13
2.4300      0.55793250510270   0.55793250510347  7.7637896112e-13
2.4350      0.55916536454532   0.55916536454610  7.7637896112e-13
2.4400      0.56039749477941   0.56039749478018  7.7637896112e-13
2.4450      0.56162888106391   0.56162888106468  7.7637896112e-13
2.4500      0.56285950869418   0.56285950869495  7.7637896112e-13
2.4550      0.56408936300262   0.56408936300340  7.7626793882e-13
2.4600      0.56531842935942   0.56531842936020  7.7615691652e-13
2.4650      0.56654669317315   0.56654669317393  7.7615691652e-13
2.4700      0.56777413989151   0.56777413989229  7.7626793882e-13
2.4750      0.56900075500195   0.56900075500273  7.7615691652e-13
2.4800      0.57022652403237   0.57022652403315  7.7604589421e-13
2.4850      0.57145143255175   0.57145143255253  7.7604589421e-13
2.4900      0.57267546617084   0.57267546617161  7.7593487191e-13
2.4950      0.57389861054277   0.57389861054354  7.7593487191e-13
2.5000      0.57512085136374   0.57512085136451  7.7571282731e-13
2.5050      0.57634217437365   0.57634217437442  7.7560180500e-13
2.5100      0.57756256535672   0.57756256535750  7.7571282731e-13
2.5150      0.57878201014216   0.57878201014293  7.7549078270e-13
2.5200      0.58000049460476   0.58000049460554  7.7526873810e-13
2.5250      0.58121800466556   0.58121800466634  7.7515771579e-13
2.5300      0.58243452629244   0.58243452629321  7.7515771579e-13
2.5350      0.58365004550073   0.58365004550151  7.7504669349e-13
2.5400      0.58486454835386   0.58486454835464  7.7482464889e-13
2.5450      0.58607802096393   0.58607802096471  7.7460260428e-13
2.5500      0.58729044949233   0.58729044949311  7.7460260428e-13
2.5550      0.58850182015034   0.58850182015111  7.7449158198e-13
2.5600      0.58971211919969   0.58971211920046  7.7426953737e-13
2.5650      0.59092133295319   0.59092133295397  7.7404749277e-13
2.5700      0.59212944777531   0.59212944777608  7.7382544816e-13
2.5750      0.59333645008270   0.59333645008348  7.7360340356e-13
2.5800      0.59454232634484   0.59454232634562  7.7338135895e-13
2.5850      0.59574706308455   0.59574706308533  7.7315931435e-13
2.5900      0.59695064687857   0.59695064687935  7.7293726974e-13
2.5950      0.59815306435812   0.59815306435890  7.7282624744e-13
2.6000      0.59935430220945   0.59935430221022  7.7249318053e-13
2.6050      0.60055434717437   0.60055434717514  7.7238215823e-13
2.6100      0.60175318605081   0.60175318605158  7.7216011363e-13
2.6150      0.60295080569334   0.60295080569411  7.7193806902e-13
2.6200      0.60414719301371   0.60414719301448  7.7160500211e-13
2.6250      0.60534233498136   0.60534233498213  7.7138295751e-13
2.6300      0.60653621862395   0.60653621862472  7.7104989060e-13
2.6350      0.60772883102787   0.60772883102864  7.7093886830e-13
2.6400      0.60892015933873   0.60892015933950  7.7060580139e-13
2.6450      0.61011019076189   0.61011019076266  7.7038375679e-13
2.6500      0.61129891256292   0.61129891256369  7.6993966758e-13
2.6550      0.61248631206811   0.61248631206888  7.6982864528e-13
2.6600      0.61367237666497   0.61367237666574  7.6949557837e-13
2.6650      0.61485709380266   0.61485709380343  7.6916251146e-13
2.6700      0.61604045099251   0.61604045099328  7.6882944455e-13
2.6750      0.61722243580846   0.61722243580922  7.6860739995e-13
2.6800      0.61840303588750   0.61840303588827  7.6838535534e-13
2.6850      0.61958223893019   0.61958223893096  7.6794126613e-13
2.6900      0.62076003270104   0.62076003270181  7.6771922153e-13
2.6950      0.62193640502897   0.62193640502974  7.6738615462e-13
2.7000      0.62311134380777   0.62311134380854  7.6716411002e-13
2.7050      0.62428483699650   0.62428483699727  7.6672002081e-13
2.7100      0.62545687261994   0.62545687262071  7.6638695390e-13
2.7150      0.62662743876899   0.62662743876975  7.6605388699e-13
2.7200      0.62779652360106   0.62779652360182  7.6572082008e-13
2.7250      0.62896411534053   0.62896411534129  7.6538775318e-13
2.7300      0.63013020227910   0.63013020227986  7.6494366397e-13
2.7350      0.63129477277621   0.63129477277698  7.6461059706e-13
2.7400      0.63245781525942   0.63245781526019  7.6427753015e-13
2.7450      0.63361931822478   0.63361931822555  7.6383344094e-13
2.7500      0.63477927023722   0.63477927023798  7.6338935173e-13
2.7550      0.63593765993089   0.63593765993165  7.6294526252e-13
2.7600      0.63709447600957   0.63709447601033  7.6261219562e-13
2.7650      0.63824970724697   0.63824970724773  7.6216810641e-13
2.7700      0.63940334248712   0.63940334248788  7.6183503950e-13
2.7750      0.64055537064470   0.64055537064546  7.6139095029e-13
2.7800      0.64170578070536   0.64170578070613  7.6105788338e-13
2.7850      0.64285456172609   0.64285456172685  7.6061379417e-13
2.7900      0.64400170283548   0.64400170283624  7.6016970496e-13
2.7950      0.64514719323410   0.64514719323486  7.5983663805e-13
2.8000      0.64629102219479   0.64629102219555  7.5950357115e-13
2.8050      0.64743317906295   0.64743317906371  7.5905948194e-13
2.8100      0.64857365325684   0.64857365325759  7.5861539273e-13
2.8150      0.64971243426789   0.64971243426865  7.5817130352e-13
2.8200      0.65084951166098   0.65084951166174  7.5783823661e-13
2.8250      0.65198487507472   0.65198487507548  7.5750516970e-13
2.8300      0.65311851422169   0.65311851422245  7.5706108049e-13
2.8350      0.65425041888877   0.65425041888952  7.5661699128e-13
2.8400      0.65538057893733   0.65538057893808  7.5617290207e-13
2.8450      0.65650898430353   0.65650898430429  7.5583983516e-13
2.8500      0.65763562499857   0.65763562499933  7.5528472365e-13
2.8550      0.65876049110890   0.65876049110965  7.5484063444e-13
2.8600      0.65988357279645   0.65988357279721  7.5439654523e-13
2.8650      0.66100486029893   0.66100486029968  7.5406347833e-13
2.8700      0.66212434392994   0.66212434393070  7.5350836681e-13
2.8750      0.66324201407929   0.66324201408005  7.5295325530e-13
2.8800      0.66435786121314   0.66435786121389  7.5239814379e-13
2.8850      0.66547187587423   0.66547187587498  7.5195405458e-13
2.8900      0.66658404868207   0.66658404868282  7.5150996537e-13
2.8950      0.66769437033314   0.66769437033390  7.5095485386e-13
2.9000      0.66880283160107   0.66880283160182  7.5051076465e-13
2.9050      0.66990942333680   0.66990942333755  7.5006667544e-13
2.9100      0.67101413646876   0.67101413646951  7.4962258623e-13
2.9150      0.67211696200307   0.67211696200382  7.4906747471e-13
2.9200      0.67321789102363   0.67321789102438  7.4851236320e-13
2.9250      0.67431691469233   0.67431691469308  7.4806827399e-13
2.9300      0.67541402424918   0.67541402424993  7.4762418478e-13
2.9350      0.67650921101244   0.67650921101319  7.4706907327e-13
2.9400      0.67760246637875   0.67760246637950  7.4651396176e-13
2.9450      0.67869378182329   0.67869378182403  7.4595885025e-13
2.9500      0.67978314889985   0.67978314890059  7.4562578334e-13
2.9550      0.68087055924099   0.68087055924174  7.4507067183e-13
2.9600      0.68195600455814   0.68195600455888  7.4451556031e-13
2.9650      0.68303947664167   0.68303947664242  7.4407147110e-13
2.9700      0.68412096736105   0.68412096736179  7.4362738189e-13
2.9750      0.68520046866485   0.68520046866560  7.4318329268e-13
2.9800      0.68627797258093   0.68627797258168  7.4262818117e-13
2.9850      0.68735347121644   0.68735347121718  7.4196204736e-13
2.9900      0.68842695675792   0.68842695675866  7.4151795815e-13
2.9950      0.68949842147136   0.68949842147210  7.4096284663e-13
3.0000      0.69056785770228   0.69056785770302  7.4040773512e-13
3.0050      0.69163525787576   0.69163525787650  7.3985262361e-13
3.0100      0.69270061449650   0.69270061449724  7.3940853440e-13
3.0150      0.69376392014888   0.69376392014962  7.3885342289e-13
3.0200      0.69482516749696   0.69482516749770  7.3829831138e-13
3.0250      0.69588434928454   0.69588434928528  7.3763217756e-13
3.0300      0.69694145833516   0.69694145833590  7.3718808835e-13
3.0350      0.69799648755217   0.69799648755290  7.3663297684e-13
3.0400      0.69904942991867   0.69904942991941  7.3618888763e-13
3.0450      0.70010027849759   0.70010027849833  7.3563377612e-13
3.0500      0.70114902643166   0.70114902643240  7.3518968691e-13
3.0550      0.70219566694339   0.70219566694412  7.3452355309e-13
3.0600      0.70324019333509   0.70324019333582  7.3407946388e-13
3.0650      0.70428259898884   0.70428259898957  7.3341333007e-13
3.0700      0.70532287736649   0.70532287736722  7.3296924086e-13
3.0750      0.70636102200961   0.70636102201035  7.3230310704e-13
3.0800      0.70739702653948   0.70739702654021  7.3174799553e-13
3.0850      0.70843088465702   0.70843088465775  7.3119288402e-13
3.0900      0.70946259014281   0.70946259014354  7.3063777251e-13
3.0950      0.71049213685696   0.71049213685769  7.3008266099e-13
3.1000      0.71151951873915   0.71151951873988  7.2952754948e-13
3.1050      0.71254472980850   0.71254472980923  7.2897243797e-13
3.1100      0.71356776416353   0.71356776416425  7.2841732646e-13
3.1150      0.71458861598210   0.71458861598283  7.2797323725e-13
3.1200      0.71560727952134   0.71560727952207  7.2741812573e-13
3.1250      0.71662374911756   0.71662374911829  7.2675199192e-13
3.1300      0.71763801918617   0.71763801918689  7.2619688041e-13
3.1350      0.71865008422157   0.71865008422230  7.2575279120e-13
3.1400      0.71965993879712   0.71965993879785  7.2508665738e-13
3.1450      0.72066757756496   0.72066757756569  7.2453154587e-13
3.1500      0.72167299525597   0.72167299525669  7.2397643436e-13
3.1550      0.72267618667962   0.72267618668034  7.2342132285e-13
3.1600      0.72367714672388   0.72367714672461  7.2275518903e-13
3.1650      0.72467587035512   0.72467587035584  7.2220007752e-13
3.1700      0.72567235261791   0.72567235261864  7.2164496601e-13
3.1750      0.72666658863500   0.72666658863572  7.2120087680e-13
3.1800      0.72765857360710   0.72765857360782  7.2053474298e-13
3.1850      0.72864830281279   0.72864830281351  7.1997963147e-13
3.1900      0.72963577160834   0.72963577160906  7.1942451996e-13
3.1950      0.73062097542763   0.73062097542835  7.1886940844e-13
3.2000      0.73160390978191   0.73160390978263  7.1820327463e-13
3.2050      0.73258457025973   0.73258457026045  7.1764816312e-13
3.2100      0.73356295252673   0.73356295252744  7.1698202930e-13
3.2150      0.73453905232547   0.73453905232618  7.1642691779e-13
3.2200      0.73551286547529   0.73551286547601  7.1587180628e-13
3.2250      0.73648438787215   0.73648438787286  7.1531669477e-13
3.2300      0.73745361548839   0.73745361548911  7.1465056095e-13
3.2350      0.73842054437262   0.73842054437333  7.1409544944e-13
3.2400      0.73938517064947   0.73938517065019  7.1354033793e-13
3.2450      0.74034749051947   0.74034749052019  7.1298522641e-13
3.2500      0.74130750025880   0.74130750025951  7.1243011490e-13
3.2550      0.74226519621910   0.74226519621981  7.1187500339e-13
3.2600      0.74322057482730   0.74322057482801  7.1131989188e-13
3.2650      0.74417363258539   0.74417363258610  7.1065375806e-13
3.2700      0.74512436607020   0.74512436607091  7.1009864655e-13
3.2750      0.74607277193322   0.74607277193393  7.0943251274e-13
3.2800      0.74701884690035   0.74701884690106  7.0887740122e-13
3.2850      0.74796258777169   0.74796258777240  7.0832228971e-13
3.2900      0.74890399142134   0.74890399142204  7.0765615590e-13
3.2950      0.74984305479711   0.74984305479782  7.0710104438e-13
3.3000      0.75077977492038   0.75077977492108  7.0643491057e-13
3.3050      0.75171414888575   0.75171414888646  7.0599082136e-13
3.3100      0.75264617386092   0.75264617386163  7.0532468754e-13
3.3150      0.75357584708635   0.75357584708706  7.0476957603e-13
3.3200      0.75450316587507   0.75450316587578  7.0410344222e-13
3.3250      0.75542812761242   0.75542812761312  7.0354833070e-13
3.3300      0.75635072975576   0.75635072975646  7.0288219689e-13
3.3350      0.75727096983428   0.75727096983498  7.0210504077e-13
3.3400      0.75818884544870   0.75818884544940  7.0166095156e-13
3.3450      0.75910435427099   0.75910435427169  7.0099481775e-13
3.3500      0.76001749404414   0.76001749404484  7.0055072854e-13
3.3550      0.76092826258190   0.76092826258260  6.9966255012e-13
3.3600      0.76183665776845   0.76183665776915  6.9910743861e-13
3.3650      0.76274267755818   0.76274267755888  6.9866334940e-13
3.3700      0.76364631997540   0.76364631997610  6.9799721558e-13
3.3750      0.76454758311404   0.76454758311474  6.9722005946e-13
3.3800      0.76544646513738   0.76544646513807  6.9666494795e-13
3.3850      0.76634296427776   0.76634296427846  6.9610983644e-13
3.3900      0.76723707883631   0.76723707883700  6.9544370263e-13
3.3950      0.76812880718262   0.76812880718332  6.9488859111e-13
3.4000      0.76901814775449   0.76901814775519  6.9411143500e-13
3.4050      0.76990509905759   0.76990509905828  6.9366734579e-13
3.4100      0.77078965966517   0.77078965966587  6.9311223427e-13
3.4150      0.77167182821780   0.77167182821850  6.9233507816e-13
3.4200      0.77255160342301   0.77255160342370  6.9189098895e-13
3.4250      0.77342898405500   0.77342898405569  6.9133587743e-13
3.4300      0.77430396895435   0.77430396895504  6.9055872132e-13
3.4350      0.77517655702767   0.77517655702836  6.9000360980e-13
3.4400      0.77604674724735   0.77604674724804  6.8922645369e-13
3.4450      0.77691453865115   0.77691453865184  6.8856031987e-13
3.4500      0.77777993034196   0.77777993034265  6.8811623066e-13
3.4550      0.77864292148746   0.77864292148814  6.8745009685e-13
3.4600      0.77950351131976   0.77950351132045  6.8656191843e-13
3.4650      0.78036169913513   0.78036169913582  6.8611782922e-13
3.4700      0.78121748429363   0.78121748429431  6.8556271771e-13
3.4750      0.78207086621880   0.78207086621948  6.8478556159e-13
3.4800      0.78292184439732   0.78292184439800  6.8400840547e-13
3.4850      0.78377041837869   0.78377041837937  6.8334227166e-13
3.4900      0.78461658777488   0.78461658777557  6.8278716014e-13
3.4950      0.78546035226001   0.78546035226070  6.8223204863e-13
3.5000      0.78630171156999   0.78630171157068  6.8156591482e-13
3.5050      0.78714066550220   0.78714066550288  6.8089978100e-13
3.5100      0.78797721391512   0.78797721391580  6.8023364719e-13
3.5150      0.78881135672804   0.78881135672872  6.7956751337e-13
3.5200      0.78964309392064   0.78964309392132  6.7901240186e-13
3.5250      0.79047242553272   0.79047242553339  6.7823524574e-13
3.5300      0.79129935166378   0.79129935166446  6.7779115653e-13
3.5350      0.79212387247275   0.79212387247342  6.7712502272e-13
3.5400      0.79294598817755   0.79294598817822  6.7656991121e-13
3.5450      0.79376569905480   0.79376569905548  6.7579275509e-13
3.5500      0.79458300543947   0.79458300544014  6.7523764358e-13
3.5550      0.79539790772446   0.79539790772514  6.7457150976e-13
3.5600      0.79621040636033   0.79621040636101  6.7379435365e-13
3.5650      0.79702050185487   0.79702050185555  6.7312821983e-13
3.5700      0.79782819477279   0.79782819477346  6.7257310832e-13
3.5750      0.79863348573532   0.79863348573600  6.7190697450e-13
3.5800      0.79943637541990   0.79943637542057  6.7124084069e-13
3.5850      0.80023686455976   0.80023686456043  6.7057470687e-13
3.5900      0.80103495394360   0.80103495394427  6.6990857306e-13
3.5950      0.80183064441520   0.80183064441587  6.6935346155e-13
3.6000      0.80262393687310   0.80262393687377  6.6879835003e-13
3.6050      0.80341483227017   0.80341483227083  6.6813221622e-13
3.6100      0.80420333161327   0.80420333161394  6.6746608240e-13
3.6150      0.80498943596292   0.80498943596359  6.6691097089e-13
3.6200      0.80577314643287   0.80577314643354  6.6624483708e-13
3.6250      0.80655446418978   0.80655446419045  6.6568972557e-13
3.6300      0.80733339045283   0.80733339045350  6.6491256945e-13
3.6350      0.80810992649334   0.80810992649400  6.6435745794e-13
3.6400      0.80888407363442   0.80888407363508  6.6369132412e-13
3.6450      0.80965583325059   0.80965583325125  6.6302519031e-13
3.6500      0.81042520676741   0.81042520676807  6.6235905649e-13
3.6550      0.81119219566110   0.81119219566177  6.6180394498e-13
3.6600      0.81195680145819   0.81195680145885  6.6102678886e-13
3.6650      0.81271902573510   0.81271902573576  6.6047167735e-13
3.6700      0.81347887011784   0.81347887011850  6.5980554353e-13
3.6750      0.81423633628154   0.81423633628220  6.5913940972e-13
3.6800      0.81499142595018   0.81499142595084  6.5847327591e-13
3.6850      0.81574414089615   0.81574414089680  6.5780714209e-13
3.6900      0.81649448293986   0.81649448294052  6.5714100828e-13
3.6950      0.81724245394944   0.81724245395010  6.5647487446e-13
3.7000      0.81798805584030   0.81798805584095  6.5580874065e-13
3.7050      0.81873129057476   0.81873129057542  6.5514260683e-13
3.7100      0.81947216016173   0.81947216016238  6.5447647302e-13
3.7150      0.82021066665626   0.82021066665691  6.5369931690e-13
3.7200      0.82094681215921   0.82094681215986  6.5314420539e-13
3.7250      0.82168059881686   0.82168059881752  6.5247807157e-13
3.7300      0.82241202882057   0.82241202882122  6.5181193776e-13
3.7350      0.82314110440632   0.82314110440697  6.5103478164e-13
3.7400      0.82386782785444   0.82386782785509  6.5047967013e-13
3.7450      0.82459220148916   0.82459220148981  6.4970251401e-13
3.7500      0.82531422767824   0.82531422767889  6.4903638020e-13
3.7550      0.82603390883266   0.82603390883331  6.4837024638e-13
3.7600      0.82675124740617   0.82675124740682  6.4781513487e-13
3.7650      0.82746624589494   0.82746624589559  6.4714900105e-13
3.7700      0.82817890683721   0.82817890683786  6.4648286724e-13
3.7750      0.82888923281289   0.82888923281353  6.4570571112e-13
3.7800      0.82959722644319   0.82959722644383  6.4515059961e-13
3.7850      0.83030289039026   0.83030289039091  6.4448446579e-13
3.7900      0.83100622735681   0.83100622735745  6.4381833198e-13
3.7950      0.83170724008573   0.83170724008637  6.4304117586e-13
3.8000      0.83240593135972   0.83240593136036  6.4248606435e-13
3.8050      0.83310230400095   0.83310230400159  6.4181993054e-13
3.8100      0.83379636087063   0.83379636087127  6.4115379672e-13
3.8150      0.83448810486870   0.83448810486934  6.4048766291e-13
3.8200      0.83517753893341   0.83517753893405  6.3982152909e-13
3.8250      0.83586466604101   0.83586466604164  6.3915539528e-13
3.8300      0.83654948920530   0.83654948920594  6.3837823916e-13
3.8350      0.83723201147734   0.83723201147798  6.3760108304e-13
3.8400      0.83791223594506   0.83791223594569  6.3693494923e-13
3.8450      0.83859016573284   0.83859016573348  6.3626881541e-13
3.8500      0.83926580400124   0.83926580400188  6.3549165930e-13
3.8550      0.83993915394655   0.83993915394719  6.3482552548e-13
3.8600      0.84061021880048   0.84061021880111  6.3404836936e-13
3.8650      0.84127900182975   0.84127900183038  6.3338223555e-13
3.8700      0.84194550633579   0.84194550633642  6.3271610173e-13
3.8750      0.84260973565431   0.84260973565494  6.3204996792e-13
3.8800      0.84327169315498   0.84327169315561  6.3138383410e-13
3.8850      0.84393138224107   0.84393138224170  6.3071770029e-13
3.8900      0.84458880634907   0.84458880634970  6.2994054417e-13
3.8950      0.84524396894836   0.84524396894898  6.2927441036e-13
3.9000      0.84589687354080   0.84589687354143  6.2849725424e-13
3.9050      0.84654752366044   0.84654752366107  6.2794214273e-13
3.9100      0.84719592287312   0.84719592287375  6.2716498661e-13
3.9150      0.84784207477614   0.84784207477677  6.2649885280e-13
3.9200      0.84848598299788   0.84848598299851  6.2572169668e-13
3.9250      0.84912765119748   0.84912765119810  6.2505556286e-13
3.9300      0.84976708306444   0.84976708306507  6.2438942905e-13
3.9350      0.85040428231834   0.85040428231897  6.2372329523e-13
3.9400      0.85103925270843   0.85103925270906  6.2305716142e-13
3.9450      0.85167199801331   0.85167199801393  6.2228000530e-13
3.9500      0.85230252204056   0.85230252204118  6.2150284919e-13
3.9550      0.85293082862643   0.85293082862705  6.2083671537e-13
3.9600      0.85355692163547   0.85355692163609  6.2017058156e-13
3.9650      0.85418080496020   0.85418080496082  6.1950444774e-13
3.9700      0.85480248252073   0.85480248252135  6.1883831393e-13
3.9750      0.85542195826448   0.85542195826510  6.1806115781e-13
3.9800      0.85603923616580   0.85603923616642  6.1728400169e-13
3.9850      0.85665432022563   0.85665432022625  6.1650684557e-13
3.9900      0.85726721447119   0.85726721447180  6.1584071176e-13
3.9950      0.85787792295560   0.85787792295621  6.1506355564e-13
4.0000      0.85848644975760   0.85848644975821  6.1428639953e-13
4.0050      0.85909279898117   0.85909279898178  6.1362026571e-13
4.0100      0.85969697475522   0.85969697475583  6.1295413190e-13
4.0150      0.86029898123325   0.86029898123387  6.1217697578e-13
4.0200      0.86089882259304   0.86089882259365  6.1151084196e-13
4.0250      0.86149650303629   0.86149650303690  6.1084470815e-13
4.0300      0.86209202678830   0.86209202678891  6.1006755203e-13
4.0350      0.86268539809769   0.86268539809830  6.0940141822e-13
4.0400      0.86327662123601   0.86327662123662  6.0873528440e-13
4.0450      0.86386570049746   0.86386570049807  6.0795812828e-13
4.0500      0.86445264019855   0.86445264019916  6.0718097217e-13
4.0550      0.86503744467779   0.86503744467839  6.0651483835e-13
4.0600      0.86562011829536   0.86562011829596  6.0584870454e-13
4.0650      0.86620066543281   0.86620066543341  6.0507154842e-13
4.0700      0.86677909049273   0.86677909049333  6.0429439230e-13
4.0750      0.86735539789844   0.86735539789904  6.0351723619e-13
4.0800      0.86792959209369   0.86792959209429  6.0274008007e-13
4.0850      0.86850167754232   0.86850167754293  6.0196292395e-13
4.0900      0.86907165872799   0.86907165872859  6.0129679014e-13
4.0950      0.86963954015382   0.86963954015442  6.0051963402e-13
4.1000      0.87020532634214   0.87020532634274  5.9974247790e-13
4.1050      0.87076902183415   0.87076902183475  5.9907634409e-13
4.1100      0.87133063118961   0.87133063119021  5.9829918797e-13
4.1150      0.87189015898658   0.87189015898718  5.9752203185e-13
4.1200      0.87244760982107   0.87244760982167  5.9685589804e-13
4.1250      0.87300298830677   0.87300298830737  5.9607874192e-13
4.1300      0.87355629907476   0.87355629907536  5.9530158580e-13
4.1350      0.87410754677319   0.87410754677378  5.9452442969e-13
4.1400      0.87465673606698   0.87465673606758  5.9374727357e-13
4.1450      0.87520387163758   0.87520387163817  5.9319216206e-13
4.1500      0.87574895818261   0.87574895818320  5.9241500594e-13
4.1550      0.87629200041563   0.87629200041622  5.9163784982e-13
4.1600      0.87683300306581   0.87683300306640  5.9086069371e-13
4.1650      0.87737197087766   0.87737197087825  5.8997251529e-13
4.1700      0.87790890861077   0.87790890861136  5.8930638147e-13
4.1750      0.87844382103947   0.87844382104006  5.8852922535e-13
4.1800      0.87897671295260   0.87897671295319  5.8775206924e-13
4.1850      0.87950758915322   0.87950758915381  5.8697491312e-13
4.1900      0.88003645445831   0.88003645445889  5.8641980161e-13
4.1950      0.88056331369851   0.88056331369909  5.8553162319e-13
4.2000      0.88108817171785   0.88108817171844  5.8475446707e-13
4.2050      0.88161103337348   0.88161103337406  5.8386628865e-13
4.2100      0.88213190353537   0.88213190353595  5.8320015484e-13
4.2150      0.88265078708606   0.88265078708665  5.8242299872e-13
4.2200      0.88316768892043   0.88316768892101  5.8175686490e-13
4.2250      0.88368261394534   0.88368261394593  5.8086868648e-13
4.2300      0.88419556707947   0.88419556708005  5.7998050806e-13
4.2350      0.88470655325299   0.88470655325357  5.7931437425e-13
4.2400      0.88521557740730   0.88521557740788  5.7842619583e-13
4.2450      0.88572264449482   0.88572264449540  5.7787108432e-13
4.2500      0.88622775947868   0.88622775947926  5.7698290590e-13
4.2550      0.88673092733249   0.88673092733306  5.7620574978e-13
4.2600      0.88723215304008   0.88723215304065  5.7520654906e-13
4.2650      0.88773144159524   0.88773144159581  5.7465143755e-13
4.2700      0.88822879800149   0.88822879800206  5.7398530373e-13
4.2750      0.88872422727181   0.88872422727238  5.7298610301e-13
4.2800      0.88921773442838   0.88921773442896  5.7231996919e-13
4.2850      0.88970932450239   0.88970932450297  5.7154281308e-13
4.2900      0.89019900253374   0.89019900253431  5.7065463466e-13
4.2950      0.89068677357079   0.89068677357136  5.6987747854e-13
4.3000      0.89117264267020   0.89117264267076  5.6898930012e-13
4.3050      0.89165661489658   0.89165661489715  5.6821214400e-13
4.3100      0.89213869532234   0.89213869532291  5.6743498789e-13
4.3150      0.89261888902743   0.89261888902799  5.6665783177e-13
4.3200      0.89309720109907   0.89309720109963  5.6588067565e-13
4.3250      0.89357363663156   0.89357363663212  5.6499249723e-13
4.3300      0.89404820072604   0.89404820072661  5.6421534111e-13
4.3350      0.89452089849026   0.89452089849082  5.6343818500e-13
4.3400      0.89499173503833   0.89499173503890  5.6255000658e-13
4.3450      0.89546071549053   0.89546071549110  5.6166182816e-13
4.3500      0.89592784497307   0.89592784497363  5.6088467204e-13
4.3550      0.89639312861785   0.89639312861841  5.6010751592e-13
4.3600      0.89685657156227   0.89685657156283  5.5933035981e-13
4.3650      0.89731817894900   0.89731817894956  5.5844218139e-13
4.3700      0.89777795592576   0.89777795592632  5.5766502527e-13
4.3750      0.89823590764510   0.89823590764565  5.5677684685e-13
4.3800      0.89869203926418   0.89869203926474  5.5599969073e-13
4.3850      0.89914635594461   0.89914635594516  5.5511151231e-13
4.3900      0.89959886285215   0.89959886285270  5.5433435620e-13
4.3950      0.90004956515658   0.90004956515713  5.5355720008e-13
4.4000      0.90049846803146   0.90049846803201  5.5266902166e-13
4.4050      0.90094557665391   0.90094557665446  5.5178084324e-13
4.4100      0.90139089620445   0.90139089620500  5.5100368712e-13
4.4150      0.90183443186675   0.90183443186730  5.5022653100e-13
4.4200      0.90227618882747   0.90227618882802  5.4933835258e-13
4.4250      0.90271617227602   0.90271617227657  5.4845017416e-13
4.4300      0.90315438740441   0.90315438740496  5.4756199575e-13
4.4350      0.90359083940702   0.90359083940757  5.4678483963e-13
4.4400      0.90402553348041   0.90402553348096  5.4589666121e-13
4.4450      0.90445847482314   0.90445847482369  5.4511950509e-13
4.4500      0.90488966863558   0.90488966863613  5.4423132667e-13
4.4550      0.90531912011971   0.90531912012025  5.4334314825e-13
4.4600      0.90574683447892   0.90574683447946  5.4256599213e-13
4.4650      0.90617281691788   0.90617281691842  5.4167781371e-13
4.4700      0.90659707264228   0.90659707264282  5.4078963529e-13
4.4750      0.90701960685872   0.90701960685926  5.4001247918e-13
4.4800      0.90744042477446   0.90744042477500  5.3923532306e-13
4.4850      0.90785953159731   0.90785953159785  5.3834714464e-13
4.4900      0.90827693253540   0.90827693253593  5.3745896622e-13
4.4950      0.90869263279701   0.90869263279755  5.3668181010e-13
4.5000      0.90910663759044   0.90910663759098  5.3579363168e-13
4.5050      0.90951895212379   0.90951895212432  5.3501647557e-13
4.5100      0.90992958160479   0.90992958160533  5.3412829715e-13
4.5150      0.91033853124067   0.91033853124121  5.3324011873e-13
4.5200      0.91074580623796   0.91074580623849  5.3246296261e-13
4.5250      0.91115141180231   0.91115141180284  5.3168580649e-13
4.5300      0.91155535313838   0.91155535313891  5.3079762807e-13
4.5350      0.91195763544961   0.91195763545014  5.2990944965e-13
4.5400      0.91235826393812   0.91235826393865  5.2902127123e-13
4.5450      0.91275724380449   0.91275724380502  5.2813309281e-13
4.5500      0.91315458024767   0.91315458024820  5.2724491439e-13
4.5550      0.91355027846474   0.91355027846527  5.2635673597e-13
4.5600      0.91394434365085   0.91394434365137  5.2557957986e-13
4.5650      0.91433678099896   0.91433678099949  5.2469140144e-13
4.5700      0.91472759569979   0.91472759570032  5.2380322302e-13
4.5750      0.91511679294161   0.91511679294213  5.2291504460e-13
4.5800      0.91550437791008   0.91550437791061  5.2202686618e-13
4.5850      0.91589035578816   0.91589035578868  5.2113868776e-13
4.5900      0.91627473175590   0.91627473175642  5.2025050934e-13
4.5950      0.91665751099033   0.91665751099085  5.1936233092e-13
4.6000      0.91703869866533   0.91703869866585  5.1858517480e-13
4.6050      0.91741829995144   0.91741829995195  5.1769699638e-13
4.6100      0.91779632001576   0.91779632001628  5.1680881796e-13
4.6150      0.91817276402180   0.91817276402232  5.1592063954e-13
4.6200      0.91854763712935   0.91854763712987  5.1503246112e-13
4.6250      0.91892094449432   0.91892094449483  5.1414428270e-13
4.6300      0.91929269126861   0.91929269126913  5.1325610428e-13
4.6350      0.91966288260003   0.91966288260054  5.1236792586e-13
4.6400      0.92003152363207   0.92003152363258  5.1147974744e-13
4.6450      0.92039861950387   0.92039861950438  5.1059156903e-13
4.6500      0.92076417535003   0.92076417535054  5.0970339061e-13
4.6550      0.92112819630048   0.92112819630099  5.0892623449e-13
4.6600      0.92149068748041   0.92149068748092  5.0803805607e-13
4.6650      0.92185165401008   0.92185165401059  5.0703885535e-13
4.6700      0.92221110100473   0.92221110100524  5.0615067693e-13
4.6750      0.92256903357446   0.92256903357496  5.0537352081e-13
4.6800      0.92292545682409   0.92292545682459  5.0437432009e-13
4.6850      0.92328037585306   0.92328037585356  5.0359716397e-13
4.6900      0.92363379575531   0.92363379575581  5.0270898555e-13
4.6950      0.92398572161915   0.92398572161965  5.0182080713e-13
4.7000      0.92433615852716   0.92433615852766  5.0093262871e-13
4.7050      0.92468511155607   0.92468511155657  5.0004445029e-13
4.7100      0.92503258577664   0.92503258577714  4.9904524957e-13
4.7150      0.92537858625356   0.92537858625405  4.9826809345e-13
4.7200      0.92572311804533   0.92572311804583  4.9726889273e-13
4.7250      0.92606618620418   0.92606618620468  4.9649173661e-13
4.7300      0.92640779577593   0.92640779577642  4.9560355819e-13
4.7350      0.92674795179987   0.92674795180037  4.9471537977e-13
4.7400      0.92708665930873   0.92708665930922  4.9371617905e-13
4.7450      0.92742392332848   0.92742392332897  4.9282800063e-13
4.7500      0.92775974887830   0.92775974887879  4.9193982221e-13
4.7550      0.92809414097046   0.92809414097095  4.9105164379e-13
4.7600      0.92842710461020   0.92842710461069  4.9016346537e-13
4.7650      0.92875864479566   0.92875864479615  4.8927528695e-13
4.7700      0.92908876651776   0.92908876651825  4.8838710853e-13
4.7750      0.92941747476012   0.92941747476061  4.8749893011e-13
4.7800      0.92974477449896   0.92974477449945  4.8649972939e-13
4.7850      0.93007067070301   0.93007067070350  4.8561155097e-13
4.7900      0.93039516833341   0.93039516833390  4.8472337255e-13
4.7950      0.93071827234363   0.93071827234411  4.8372417183e-13
4.8000      0.93103998767937   0.93103998767985  4.8283599341e-13
4.8050      0.93136031927847   0.93136031927895  4.8183679269e-13
4.8100      0.93167927207085   0.93167927207134  4.8094861427e-13
4.8150      0.93199685097839   0.93199685097887  4.8006043585e-13
4.8200      0.93231306091486   0.93231306091534  4.7906123513e-13
4.8250      0.93262790678583   0.93262790678631  4.7817305671e-13
4.8300      0.93294139348861   0.93294139348908  4.7728487829e-13
4.8350      0.93325352591212   0.93325352591259  4.7639669987e-13
4.8400      0.93356430893687   0.93356430893735  4.7550852145e-13
4.8450      0.93387374743484   0.93387374743532  4.7450932072e-13
4.8500      0.93418184626942   0.93418184626990  4.7373216461e-13
4.8550      0.93448861029533   0.93448861029580  4.7273296389e-13
4.8600      0.93479404435851   0.93479404435899  4.7184478547e-13
4.8650      0.93509815329613   0.93509815329660  4.7095660705e-13
4.8700      0.93540094193642   0.93540094193689  4.7006842863e-13
4.8750      0.93570241509866   0.93570241509913  4.6918025021e-13
4.8800      0.93600257759309   0.93600257759356  4.6818104948e-13
4.8850      0.93630143422083   0.93630143422130  4.6729287106e-13
4.8900      0.93659898977383   0.93659898977430  4.6629367034e-13
4.8950      0.93689524903480   0.93689524903526  4.6551651423e-13
4.9000      0.93719021677711   0.93719021677757  4.6451731350e-13
4.9050      0.93748389776477   0.93748389776524  4.6362913508e-13
4.9100      0.93777629675235   0.93777629675281  4.6274095666e-13
4.9150      0.93806741848488   0.93806741848534  4.6174175594e-13
4.9200      0.93835726769785   0.93835726769831  4.6085357752e-13
4.9250      0.93864584911711   0.93864584911757  4.6018744371e-13
4.9300      0.93893316745880   0.93893316745926  4.5896619838e-13
4.9350      0.93921922742932   0.93921922742978  4.5818904226e-13
4.9400      0.93950403372525   0.93950403372571  4.5741188615e-13
4.9450      0.93978759103330   0.93978759103375  4.5641268542e-13
4.9500      0.94006990403025   0.94006990403070  4.5541348470e-13
4.9550      0.94035097738289   0.94035097738335  4.5452530628e-13
4.9600      0.94063081574800   0.94063081574845  4.5352610556e-13
4.9650      0.94090942377222   0.94090942377268  4.5274894944e-13
4.9700      0.94118680609209   0.94118680609255  4.5174974872e-13
4.9750      0.94146296733393   0.94146296733438  4.5086157030e-13
4.9800      0.94173791211380   0.94173791211425  4.4986236958e-13
4.9850      0.94201164503748   0.94201164503792  4.4897419116e-13
4.9900      0.94228417070039   0.94228417070083  4.4808601274e-13
4.9950      0.94255549368756   0.94255549368800  4.4708681202e-13
5.0000      0.94282561857357   0.94282561857401  4.4608761129e-13
###  max_n |e_n|=7.7637896112e-13