# Time t_n, Numerical sol. X_n, Exact sol. x(t_n), Error e_n
0.0000      0.10000000000000   0.10000000000000  0.0000000000e+00
0.0500      0.10459086068951   0.10459086082705  1.3753861938e-10
0.1000      0.10936687010848   0.10936687039096  2.8247930384e-10
0.1500      0.11433312240274   0.11433312283751  4.3476854061e-10
0.2000      0.11949463111708   0.11949463171139  5.9431362609e-10
0.2500      0.12485630449515   0.12485630525613  7.6098048696e-10
0.3000      0.13042291909480   0.13042292002939  9.3459184836e-10
0.3500      0.13619909174774   0.13619909286267  1.1149255685e-09
0.4000      0.14218924991373   0.14218925121544  1.3017134870e-09
0.4500      0.14839760050309   0.14839760199773  1.4946403004e-09
0.5000      0.15482809726691   0.15482809896025  1.6933433544e-09
0.5500      0.16148440688174   0.16148440877915  1.8974123939e-09
0.6000      0.16836987388543   0.16836987599182  2.1063902567e-09
0.6500      0.17548748465131   0.17548748697108  2.3197737897e-09
0.7000      0.18283983062036   0.18283983315737  2.5370154033e-09
0.7500      0.19042907104378   0.19042907380131  2.7575253747e-09
0.8000      0.19825689552153   0.19825689850220  2.9806744850e-09
0.8500      0.20632448665507   0.20632448986086  3.2057974331e-09
0.9000      0.21463248316433   0.21463248659653  3.4321966658e-09
0.9500      0.22318094384861   0.22318094750775  3.6591472075e-09
1.0000      0.23196931279817   0.23196931668407  3.8859010731e-09
1.0500      0.24099638628725   0.24099639039894  4.1116935412e-09
1.1000      0.25026028179772   0.25026028613346  4.3357482604e-09
1.1500      0.25975840963705   0.25975841419433  4.5572841612e-09
1.2000      0.26948744762108   0.26948745239660  4.7755217003e-09
1.2500      0.27944331929283   0.27944332428252  4.9896896614e-09
1.3000      0.28962117614069   0.28962118133972  5.1990322603e-09
1.3500      0.30001538426344   0.30001538966626  5.4028154728e-09
1.4000      0.31061951590400   0.31061952150433  5.6003344184e-09
1.4500      0.32142634623923   0.32142635203015  5.7909194662e-09
1.5000      0.33242785576918   0.33242786174312  5.9739430069e-09
1.5500      0.34361523859516   0.34361524474398  6.1488251157e-09
1.6000      0.35497891681391   0.35497892312895  6.3150386587e-09
1.6500      0.36650856118406   0.36650856765617  6.4721152881e-09
1.7000      0.37819311814298   0.37819312476263  6.6196482185e-09
1.7500      0.39002084316799   0.39002084992529  6.7572968887e-09
1.8000      0.40197934038685   0.40197934727164  6.8847894608e-09
1.8500      0.41405560825081   0.41405561525273  7.0019247622e-09
1.9000      0.42623609099102   0.42623609809960  7.1085731745e-09
1.9500      0.43850673548716   0.43850674269184  7.2046773547e-09
2.0000      0.45085305308903   0.45085306037928  7.2902512915e-09
2.0500      0.46326018584897   0.46326019321435  7.3653789179e-09
2.1000      0.47571297654702   0.47571298397723  7.4302118902e-09
2.1500      0.48819604182503   0.48819604930999  7.4849659804e-09
2.2000      0.50069384769063   0.50069385522055  7.5299178004e-09
2.2500      0.51319078660961   0.51319079417500  7.5653991960e-09
2.3000      0.52567125537658   0.52567126296837  7.5917924169e-09
2.3500      0.53811973293987   0.53811974054940  7.6095235668e-09
2.4000      0.55052085735713   0.55052086497619  7.6190573850e-09
2.4500      0.56285950107406   0.56285950869495  7.6208883648e-09
2.5000      0.57512084374898   0.57512085136451  7.6155354245e-09
2.5500      0.58729044188957   0.58729044949311  7.6035336916e-09
2.6000      0.59935429462480   0.59935430221022  7.5854267312e-09
2.6500      0.61129890500193   0.61129891256369  7.5617607731e-09
2.7000      0.62311133627546   0.62311134380854  7.5330759408e-09
2.7500      0.63477926273808   0.63477927023798  7.4999004784e-09
2.8000      0.64629101473281   0.64629102219555  7.4627449775e-09
2.8500      0.65763561757723   0.65763562499933  7.4220954938e-09
2.9000      0.66880282422341   0.66880283160182  7.3784103272e-09
2.9500      0.67978314156848   0.67978314890059  7.3321136940e-09
3.0000      0.69056785041942   0.69056785770302  7.2835940612e-09
3.0500      0.70114901919919   0.70114902643240  7.2332008161e-09
3.1000      0.71151951155864   0.71151951873988  7.1812422675e-09
3.1500      0.72167298812871   0.72167299525669  7.1279855351e-09
3.2000      0.73160390270898   0.73160390978263  7.0736554392e-09
3.2500      0.74130749324107   0.74130750025951  7.0184360546e-09
3.3000      0.75077976795861   0.75077977492108  6.9624712662e-09
3.3500      0.76001748713898   0.76001749404484  6.9058679886e-09
3.4000      0.76901814090649   0.76901814775519  6.8486966098e-09
3.4500      0.77777992355165   0.77777993034265  6.7909966539e-09
3.5000      0.78630170483790   0.78630171157068  6.7327776687e-09
3.5500      0.79458299876612   0.79458300544014  6.6740246663e-09
3.6000      0.80262393025907   0.80262393687377  6.6147007871e-09
3.6500      0.81042520021332   0.81042520676807  6.5547515193e-09
3.7000      0.81798804934684   0.81798805584095  6.4941089173e-09
3.7500      0.82531422124620   0.82531422767889  6.4326944882e-09
3.8000      0.83240592498994   0.83240593136036  6.3704239661e-09
3.8500      0.83926579769467   0.83926580400188  6.3072090883e-09
3.9000      0.84589686729846   0.84589687354143  6.2429624803e-09
3.9500      0.85230251586358   0.85230252204118  6.1775988769e-09
4.0000      0.85848644364718   0.85848644975821  6.1110387861e-09
4.0500      0.86445263415595   0.86445264019916  6.0432100435e-09
4.1000      0.87020532036869   0.87020532634274  5.9740495884e-09
4.1500      0.87574895227970   0.87574895818320  5.9035049071e-09
4.2000      0.88108816588690   0.88108817171844  5.8315353657e-09
4.2500      0.88622775372114   0.88622775947926  5.7581129864e-09
4.3000      0.89117263698754   0.89117264267076  5.6832225592e-09
4.3500      0.89592783936677   0.89592784497363  5.6068621967e-09
4.4000      0.90049846250296   0.90049846803201  5.5290430012e-09
4.4500      0.90488966318634   0.90488966863613  5.4497889534e-09
4.5000      0.90910663222184   0.90910663759098  5.3691364688e-09
4.5500      0.91315457496106   0.91315458024820  5.2871337308e-09
4.6000      0.91703869346201   0.91703869866585  5.2038398035e-09
4.6500      0.92076417023121   0.92076417535054  5.1193237427e-09
4.7000      0.92433615349400   0.92433615852766  5.0336639301e-09
4.7500      0.92775974393185   0.92775974887879  4.9469467411e-09
4.8000      0.93103998282058   0.93103998767985  4.8592656565e-09
4.8500      0.93418184149918   0.93418184626990  4.7707201523e-09
4.9000      0.93719021209616   0.93719021677757  4.6814145893e-09
4.9500      0.94006989943924   0.94006990403070  4.5914573255e-09
5.0000      0.94282561407306   0.94282561857401  4.5009597160e-09
###  max_n |e_n|=7.6208883648e-09