# Time t_n, Numerical sol. X_n, Exact sol. x(t_n), Error e_n
0.0000      0.10000000000000   0.10000000000000  0.0000000000e+00
0.5000      0.15481528350270   0.15482809896025  1.2815457554e-05
1.0000      0.23193904336136   0.23196931668407  3.0273322713e-05
1.5000      0.33237983437484   0.33242786174312  4.8027368284e-05
2.0000      0.45079301067694   0.45085306037928  6.0049702340e-05
2.5000      0.57505752484138   0.57512085136451  6.3326523133e-05
3.0000      0.69050666129186   0.69056785770302  6.1196411160e-05
3.5000      0.78624253288456   0.78630171157068  5.9178686111e-05
4.0000      0.85842817353272   0.85848644975821  5.8276225499e-05
4.5000      0.90905077920492   0.90910663759098  5.5858386063e-05
5.0000      0.94277529763416   0.94282561857401  5.0320939859e-05
###  max_n |e_n|=6.3326523133e-05