# Time t_n, Numerical sol. X_n, Exact sol. x(t_n), Error e_n
0.0000      2.00000000000000   2.00000000000000  0.0000000000e+00
0.5000      1.43512439727783   1.43526659839358  1.4220111575e-04
1.0000      1.22574241271856   1.22539967356056  3.4273915799e-04
1.5000      1.12587721896477   1.12557484805250  3.0237091227e-04
2.0000      1.07279612084672   1.07257888349575  2.1723735097e-04
2.5000      1.04294753438958   1.04279908054580  1.4845384378e-04
3.0000      1.02562859179109   1.02552904227037  9.9549520719e-05
3.5000      1.01539624498422   1.01533015702598  6.6087958243e-05
4.0000      1.00928602907247   1.00924246022634  4.3568846130e-05
4.5000      1.00561408383883   1.00558552304722  2.8560791616e-05
5.0000      1.00339899213268   1.00338036184903  1.8630283654e-05
###  max_n |e_n|=3.4273915799e-04