# Time t_n, Numerical sol. X_n, Exact sol. x(t_n), Error e_n
0.0000      2.00000000000000   2.00000000000000  0.0000000000e+00
0.0050      1.99007446221319   1.99007446221161  1.5776269180e-12
0.0100      1.98029572828090   1.98029572827782  3.0722091537e-12
0.0150      1.97066068470874   1.97066068470425  4.4877435101e-12
0.0200      1.96116630529501   1.96116630528919  5.8284488347e-12
0.0250      1.95180964809193   1.95180964808484  7.0978778410e-12
0.0300      1.94258785249297   1.94258785248467  8.2998052875e-12
0.0350      1.93349813644013   1.93349813643070  9.4371177539e-12
0.0400      1.92453779374561   1.92453779373510  1.0513589999e-11
0.0450      1.91570419152218   1.91570419151065  1.1532552691e-11
0.0500      1.90699476771740   1.90699476770490  1.2496448321e-11
0.0550      1.89840702874668   1.89840702873327  1.3407719379e-11
0.0600      1.88993854722060   1.88993854720633  1.4269252446e-11
0.0650      1.88158695976220   1.88158695974711  1.5083712057e-11
0.0700      1.87334996491003   1.87334996489418  1.5853318658e-11
0.0750      1.86522532110316   1.86522532108658  1.6579848605e-11
0.0800      1.85721084474429   1.85721084472702  1.7265966434e-11
0.0850      1.84930440833763   1.84930440831971  1.7913226458e-11
0.0900      1.84150393869801   1.84150393867949  1.8523849121e-11
0.0950      1.83380741522829   1.83380741520919  1.9098944648e-11
0.1000      1.82621286826176   1.82621286824212  1.9641177573e-11
0.1050      1.81871837746700   1.81871837744685  2.0151214031e-11
0.1100      1.81132207031222   1.81132207029159  2.0631274467e-11
0.1150      1.80402212058667   1.80402212056559  2.1082469104e-11
0.1200      1.79681674697653   1.79681674695503  2.1506352255e-11
0.1250      1.78970421169314   1.78970421167123  2.1903812097e-11
0.1300      1.78268281915106   1.78268281912879  2.2276402944e-11
0.1350      1.77575091469419   1.77575091467156  2.2625457063e-11
0.1400      1.76890688336761   1.76890688334466  2.2951862633e-11
0.1450      1.76214914873349   1.76214914871023  2.3256285786e-11
0.1500      1.75547617172908   1.75547617170554  2.3540280836e-11
0.1550      1.74888644956510   1.74888644954130  2.3804735960e-11
0.1600      1.74237851466287   1.74237851463882  2.4050983427e-11
0.1650      1.73595093362860   1.73595093360432  2.4279023236e-11
0.1700      1.72960230626332   1.72960230623883  2.4490187656e-11
0.1750      1.72333126460706   1.72333126458238  2.4685364863e-11
0.1800      1.71713647201580   1.71713647199094  2.4864776904e-11
0.1850      1.71101662227004   1.71101662224501  2.5029756046e-11
0.1900      1.70497043871358   1.70497043868839  2.5180746377e-11
0.1950      1.69899667342141   1.69899667339609  2.5317969943e-11
0.2000      1.69309410639561   1.69309410637017  2.5442981055e-11
0.2050      1.68726154478801   1.68726154476246  2.5555779715e-11
0.2100      1.68149782214873   1.68149782212307  2.5656587965e-11
0.2150      1.67580179769953   1.67580179767378  2.5746516030e-11
0.2200      1.67017235563106   1.67017235560524  2.5826230043e-11
0.2250      1.66460840442304   1.66460840439714  2.5895730005e-11
0.2300      1.65910887618651   1.65910887616055  2.5955460004e-11
0.2350      1.65367272602740   1.65367272600140  2.6006086173e-11
0.2400      1.64829893143055   1.64829893140451  2.6048052604e-11
0.2450      1.64298649166338   1.64298649163730  2.6081803384e-11
0.2500      1.63773442719856   1.63773442717245  2.6107782602e-11
0.2550      1.63254177915496   1.63254177912883  2.6125990260e-11
0.2600      1.62740760875618   1.62740760873005  2.6137314535e-11
0.2650      1.62233099680604   1.62233099677990  2.6141755427e-11
0.2700      1.61731104318039   1.61731104315425  2.6139534981e-11
0.2750      1.61234686633469   1.61234686630856  2.6131097286e-11
0.2800      1.60743760282676   1.60743760280065  2.6116664387e-11
0.2850      1.60258240685419   1.60258240682810  2.6096680372e-11
0.2900      1.59778044980581   1.59778044977973  2.6071367287e-11
0.2950      1.59303091982682   1.59303091980077  2.6041169221e-11
0.3000      1.58833302139707   1.58833302137106  2.6005864129e-11
0.3050      1.58368597492199   1.58368597489603  2.5966118145e-11
0.3100      1.57908901633575   1.57908901630982  2.5921709224e-11
0.3150      1.57454139671621   1.57454139669033  2.5873303500e-11
0.3200      1.57004238191135   1.57004238188553  2.5820900973e-11
0.3250      1.56559125217664   1.56559125215087  2.5764945732e-11
0.3300      1.56118730182303   1.56118730179732  2.5705215734e-11
0.3350      1.55682983887527   1.55682983884963  2.5641933021e-11
0.3400      1.55251818474012   1.55251818471455  2.5575541684e-11
0.3450      1.54825167388415   1.54825167385864  2.5506263768e-11
0.3500      1.54402965352077   1.54402965349534  2.5433877227e-11
0.3550      1.53985148330633   1.53985148328097  2.5358826150e-11
0.3600      1.53571653504473   1.53571653501945  2.5281110538e-11
0.3650      1.53162419240052   1.53162419237532  2.5201174481e-11
0.3700      1.52757385062001   1.52757385059490  2.5118573888e-11
0.3750      1.52356491626032   1.52356491623529  2.5033752848e-11
0.3800      1.51959680692588   1.51959680690093  2.4947155453e-11
0.3850      1.51566895101235   1.51566895098749  2.4858559655e-11
0.3900      1.51178078745759   1.51178078743282  2.4767965456e-11
0.3950      1.50793176549953   1.50793176547486  2.4675594901e-11
0.4000      1.50412134444067   1.50412134441609  2.4581892077e-11
0.4050      1.50034899341898   1.50034899339449  2.4486412897e-11
0.4100      1.49661419118506   1.49661419116067  2.4389379405e-11
0.4150      1.49291642588539   1.49291642586110  2.4291013645e-11
0.4200      1.48925519485129   1.48925519482710  2.4191537662e-11
0.4250      1.48563000439367   1.48563000436958  2.4090729411e-11
0.4300      1.48204036960317   1.48204036957918  2.3989032982e-11
0.4350      1.47848581415570   1.47848581413181  2.3886004286e-11
0.4400      1.47496587012303   1.47496587009925  2.3782309455e-11
0.4450      1.47148007778848   1.47148007776481  2.3677504402e-11
0.4500      1.46802798546735   1.46802798544377  2.3572033214e-11
0.4550      1.46460914933208   1.46460914930862  2.3465673848e-11
0.4600      1.46122313324202   1.46122313321867  2.3358426304e-11
0.4650      1.45786950857750   1.45786950855425  2.3250734671e-11
0.4700      1.45454785407822   1.45454785405508  2.3142598948e-11
0.4750      1.45125775568588   1.45125775566284  2.3033797092e-11
0.4800      1.44799880639066   1.44799880636774  2.2924329102e-11
0.4850      1.44477060608179   1.44477060605897  2.2814417022e-11
0.4900      1.44157276140177   1.44157276137906  2.2704504943e-11
0.4950      1.43840488560435   1.43840488558176  2.2593926730e-11
0.5000      1.43526659841607   1.43526659839358  2.2483348516e-11
0.5050      1.43215752590121   1.43215752587884  2.2372326214e-11
0.5100      1.42907730033021   1.42907730030794  2.2260859822e-11
0.5150      1.42602556005124   1.42602556002909  2.2149393430e-11
0.5200      1.42300194936508   1.42300194934304  2.2037704994e-11
0.5250      1.42000611840291   1.42000611838099  2.1926016558e-11
0.5300      1.41703772300729   1.41703772298548  2.1813884032e-11
0.5350      1.41409642461589   1.41409642459418  2.1702195596e-11
0.5400      1.41118189014812   1.41118189012653  2.1590285115e-11
0.5450      1.40829379189453   1.40829379187305  2.1478374634e-11
0.5500      1.40543180740881   1.40543180738745  2.1366686198e-11
0.5550      1.40259561940244   1.40259561938119  2.1254775717e-11
0.5600      1.39978491564184   1.39978491562069  2.1142865236e-11
0.5650      1.39699938884797   1.39699938882694  2.1031176800e-11
0.5700      1.39423873659834   1.39423873657742  2.0919932453e-11
0.5750      1.39150266123130   1.39150266121049  2.0808688106e-11
0.5800      1.38879086975262   1.38879086973192  2.0697443759e-11
0.5850      1.38610307374425   1.38610307372366  2.0586421456e-11
0.5900      1.38343898927518   1.38343898925471  2.0475621199e-11
0.5950      1.38079833681446   1.38079833679409  2.0365042985e-11
0.6000      1.37818084114612   1.37818084112586  2.0254686817e-11
0.6050      1.37558623128619   1.37558623126604  2.0144774737e-11
0.6100      1.37301424040150   1.37301424038147  2.0035084702e-11
0.6150      1.37046460573046   1.37046460571054  1.9925616712e-11
0.6200      1.36793706850555   1.36793706848573  1.9816370767e-11
0.6250      1.36543137387763   1.36543137385792  1.9707568910e-11
0.6300      1.36294727084196   1.36294727082236  1.9598989098e-11
0.6350      1.36048451216589   1.36048451214639  1.9490853376e-11
0.6400      1.35804285431815   1.35804285429877  1.9383161742e-11
0.6450      1.35562205739979   1.35562205738052  1.9275692154e-11
0.6500      1.35322188507657   1.35322188505740  1.9168666654e-11
0.6550      1.35084210451292   1.35084210449386  1.9062085244e-11
0.6600      1.34848248630739   1.34848248628843  1.8955947922e-11
0.6650      1.34614280442941   1.34614280441056  1.8850254691e-11
0.6700      1.34382283615759   1.34382283613884  1.8744783503e-11
0.6750      1.34152236201925   1.34152236200061  1.8639756405e-11
0.6800      1.33924116573134   1.33924116571280  1.8535395441e-11
0.6850      1.33697903414263   1.33697903412420  1.8431034476e-11
0.6900      1.33473575717714   1.33473575715881  1.8327339646e-11
0.6950      1.33251112777881   1.33251112776058  1.8224088905e-11
0.7000      1.33030494185734   1.33030494183922  1.8121282253e-11
0.7050      1.32811699823525   1.32811699821723  1.8018919690e-11
0.7100      1.32594709859597   1.32594709857805  1.7917001216e-11
0.7150      1.32379504743313   1.32379504741531  1.7815526832e-11
0.7200      1.32166065200088   1.32166065198317  1.7714496536e-11
0.7250      1.31954372226530   1.31954372224768  1.7613910330e-11
0.7300      1.31744407085674   1.31744407083923  1.7513990258e-11
0.7350      1.31536151302332   1.31536151300590  1.7414292230e-11
0.7400      1.31329586658522   1.31329586656790  1.7315482381e-11
0.7450      1.31124695189007   1.31124695187285  1.7216894577e-11
0.7500      1.30921459176920   1.30921459175208  1.7118750861e-11
0.7550      1.30719861149481   1.30719861147779  1.7021273280e-11
0.7600      1.30519883873801   1.30519883872109  1.6924239787e-11
0.7650      1.30321510352774   1.30321510351092  1.6827872429e-11
0.7700      1.30124723821055   1.30124723819381  1.6731727115e-11
0.7750      1.29929507741113   1.29929507739449  1.6636025890e-11
0.7800      1.29735845799376   1.29735845797722  1.6540990799e-11
0.7850      1.29543721902441   1.29543721900797  1.6446621842e-11
0.7900      1.29353120173374   1.29353120171738  1.6352474930e-11
0.7950      1.29164024948070   1.29164024946444  1.6258994151e-11
0.8000      1.28976420771701   1.28976420770084  1.6165735417e-11
0.8050      1.28790292395225   1.28790292393618  1.6073364861e-11
0.8100      1.28605624771968   1.28605624770370  1.5981216350e-11
0.8150      1.28422403054273   1.28422403052684  1.5889733973e-11
0.8200      1.28240612590218   1.28240612588638  1.5798695685e-11
0.8250      1.28060238920396   1.28060238918826  1.5708101486e-11
0.8300      1.27881267774760   1.27881267773198  1.5618173421e-11
0.8350      1.27703685069528   1.27703685067975  1.5528689445e-11
0.8400      1.27527476904151   1.27527476902607  1.5439649559e-11
0.8450      1.27352629558341   1.27352629556806  1.5351275806e-11
0.8500      1.27179129489152   1.27179129487626  1.5263346143e-11
0.8550      1.27006963328121   1.27006963326604  1.5175860568e-11
0.8600      1.26836117878465   1.26836117876956  1.5088819083e-11
0.8650      1.26666580112329   1.26666580110829  1.5002443732e-11
0.8700      1.26498337168090   1.26498337166598  1.4916512470e-11
0.8750      1.26331376347710   1.26331376346227  1.4831025297e-11
0.8800      1.26165685114141   1.26165685112667  1.4745982213e-11
0.8850      1.26001251088779   1.26001251087313  1.4661605263e-11
0.8900      1.25838062048966   1.25838062047508  1.4577672403e-11
0.8950      1.25676105925536   1.25676105924087  1.4494183631e-11
0.9000      1.25515370800419   1.25515370798978  1.4411138949e-11
0.9050      1.25355844904271   1.25355844902838  1.4328760400e-11
0.9100      1.25197516614166   1.25197516612741  1.4246603897e-11
0.9150      1.25040374451321   1.25040374449904  1.4165335571e-11
0.9200      1.24884407078867   1.24884407077458  1.4084289290e-11
0.9250      1.24729603299660   1.24729603298260  1.4003687099e-11
0.9300      1.24575952054134   1.24575952052742  1.3923751041e-11
0.9350      1.24423442418191   1.24423442416807  1.3844037028e-11
0.9400      1.24272063601131   1.24272063599754  1.3764989149e-11
0.9450      1.24121804943622   1.24121804942253  1.3686163314e-11
0.9500      1.23972655915704   1.23972655914343  1.3608225657e-11
0.9550      1.23824606114831   1.23824606113478  1.3530510046e-11
0.9600      1.23677645263947   1.23677645262602  1.3453238523e-11
0.9650      1.23531763209601   1.23531763208263  1.3376633134e-11
0.9700      1.23386949920087   1.23386949918757  1.3300471835e-11
0.9750      1.23243195483630   1.23243195482308  1.3224754625e-11
0.9800      1.23100490106594   1.23100490105279  1.3149481504e-11
0.9850      1.22958824111725   1.22958824110418  1.3074652472e-11
0.9900      1.22818187936430   1.22818187935130  1.3000267529e-11
0.9950      1.22678572131078   1.22678572129786  1.2926326676e-11
1.0000      1.22539967357342   1.22539967356056  1.2852607867e-11
1.0050      1.22402364386557   1.22402364385279  1.2779555192e-11
1.0100      1.22265754098119   1.22265754096848  1.2706946606e-11
1.0150      1.22130127477907   1.22130127476644  1.2635004154e-11
1.0200      1.21995475616730   1.21995475615474  1.2563061702e-11
1.0250      1.21861789708807   1.21861789707557  1.2492007428e-11
1.0300      1.21729061050266   1.21729061049024  1.2421175200e-11
1.0350      1.21597281037680   1.21597281036445  1.2350787060e-11
1.0400      1.21466441166617   1.21466441165389  1.2280843009e-11
1.0450      1.21336533030219   1.21336533028998  1.2211343048e-11
1.0500      1.21207548317810   1.21207548316596  1.2142287176e-11
1.0550      1.21079478813522   1.21079478812315  1.2073675393e-11
1.0600      1.20952316394947   1.20952316393746  1.2005285654e-11
1.0650      1.20826053031811   1.20826053030618  1.1937340005e-11
1.0700      1.20700680784673   1.20700680783486  1.1870060490e-11
1.0750      1.20576191803641   1.20576191802461  1.1803003019e-11
1.0800      1.20452578327117   1.20452578325943  1.1736611683e-11
1.0850      1.20329832680556   1.20329832679389  1.1670442390e-11
1.0900      1.20207947275250   1.20207947274089  1.1604939232e-11
1.0950      1.20086914607131   1.20086914605977  1.1539436073e-11
1.1000      1.19966727255598   1.19966727254450  1.1474599049e-11
1.1050      1.19847377882353   1.19847377881212  1.1409984069e-11
1.1100      1.19728859230270   1.19728859229136  1.1346035222e-11
1.1150      1.19611164122273   1.19611164121145  1.1282308421e-11
1.1200      1.19494285460235   1.19494285459113  1.1219025708e-11
1.1250      1.19378216223898   1.19378216222782  1.1156187085e-11
1.1300      1.19262949469807   1.19262949468698  1.1093570507e-11
1.1350      1.19148478330265   1.19148478329162  1.1031398017e-11
1.1400      1.19034796012300   1.19034796011203  1.0969669617e-11
1.1450      1.18921895796655   1.18921895795564  1.0908385306e-11
1.1500      1.18809771036790   1.18809771035705  1.0847323040e-11
1.1550      1.18698415157903   1.18698415156824  1.0786704863e-11
1.1600      1.18587821655962   1.18587821654889  1.0726530775e-11
1.1650      1.18477984096762   1.18477984095695  1.0666578731e-11
1.1700      1.18368896114986   1.18368896113926  1.0607070777e-11
1.1750      1.18260551413289   1.18260551412234  1.0548228957e-11
1.1800      1.18152943761393   1.18152943760345  1.0489387137e-11
1.1850      1.18046066995199   1.18046066994156  1.0430989406e-11
1.1900      1.17939915015909   1.17939915014872  1.0373035764e-11
1.1950      1.17834481789168   1.17834481788136  1.0315304166e-11
1.2000      1.17729761344212   1.17729761343186  1.0258016658e-11
1.2050      1.17625747773039   1.17625747772019  1.0200951195e-11
1.2100      1.17522435229581   1.17522435228567  1.0144329821e-11
1.2150      1.17419817928904   1.17419817927895  1.0088152536e-11
1.2200      1.17317890146403   1.17317890145400  1.0032197295e-11
1.2250      1.17216646217027   1.17216646216029  9.9766861439e-12
1.2300      1.17116080534501   1.17116080533509  9.9213970373e-12
1.2350      1.17016187550575   1.17016187549588  9.8665520198e-12
1.2400      1.16916961774267   1.16916961773286  9.8121510916e-12
1.2450      1.16818397771137   1.16818397770161  9.7579722080e-12
1.2500      1.16720490162554   1.16720490161583  9.7042374136e-12
1.2550      1.16623233624989   1.16623233624024  9.6507246639e-12
1.2600      1.16526622889310   1.16526622888350  9.5974339587e-12
1.2650      1.16430652740092   1.16430652739138  9.5445873427e-12
1.2700      1.16335318014935   1.16335318013986  9.4919627713e-12
1.2750      1.16240613603791   1.16240613602847  9.4397822892e-12
1.2800      1.16146534448309   1.16146534447370  9.3878238516e-12
1.2850      1.16053075541181   1.16053075540247  9.3363095033e-12
1.2900      1.15960231925502   1.15960231924573  9.2850171995e-12
1.2950      1.15867998694139   1.15867998693215  9.2341689850e-12
1.3000      1.15776370989110   1.15776370988191  9.1835428151e-12
1.3050      1.15685344000972   1.15685344000059  9.1331386898e-12
1.3100      1.15594912968220   1.15594912967311  9.0831786537e-12
1.3150      1.15505073176687   1.15505073175783  9.0334406622e-12
1.3200      1.15415819958966   1.15415819958067  8.9839247153e-12
1.3250      1.15327148693829   1.15327148692935  8.9348528576e-12
1.3300      1.15239054805662   1.15239054804773  8.8860030445e-12
1.3350      1.15151533763904   1.15151533763020  8.8373752760e-12
1.3400      1.15064581082494   1.15064581081615  8.7891915967e-12
1.3450      1.14978192319334   1.14978192318460  8.7412299621e-12
1.3500      1.14892363075746   1.14892363074877  8.6937124166e-12
1.3550      1.14807088995951   1.14807088995086  8.6464169158e-12
1.3600      1.14722365766545   1.14722365765685  8.5993434595e-12
1.3650      1.14638189115992   1.14638189115136  8.5524920479e-12
1.3700      1.14554554814112   1.14554554813261  8.5060847255e-12
1.3750      1.14471458671591   1.14471458670746  8.4596774030e-12
1.3800      1.14388896539489   1.14388896538648  8.4139362144e-12
1.3850      1.14306864308752   1.14306864307916  8.3684170704e-12
1.3900      1.14225357909744   1.14225357908912  8.3228979264e-12
1.3950      1.14144373311770   1.14144373310943  8.2780449162e-12
1.4000      1.14063906522621   1.14063906521797  8.2334139506e-12
1.4050      1.13983953588109   1.13983953587290  8.1887829850e-12
1.4100      1.13904510591628   1.13904510590813  8.1445961087e-12
1.4150      1.13825573653702   1.13825573652892  8.1006312769e-12
1.4200      1.13747138931554   1.13747138930748  8.0568884897e-12
1.4250      1.13669202618672   1.13669202617871  8.0133677471e-12
1.4300      1.13591760944387   1.13591760943590  7.9700690492e-12
1.4350      1.13514810173453   1.13514810172661  7.9272144404e-12
1.4400      1.13438346605634   1.13438346604846  7.8845818763e-12
1.4450      1.13362366575299   1.13362366574515  7.8421713567e-12
1.4500      1.13286866451018   1.13286866450238  7.7999828818e-12
1.4550      1.13211842635170   1.13211842634394  7.7582384961e-12
1.4600      1.13137291563549   1.13137291562777  7.7164941104e-12
1.4650      1.13063209704983   1.13063209704215  7.6751938138e-12
1.4700      1.12989593560952   1.12989593560189  7.6341155619e-12
1.4750      1.12916439665216   1.12916439664457  7.5932593546e-12
1.4800      1.12843744583444   1.12843744582688  7.5526251919e-12
1.4850      1.12771504912850   1.12771504912099  7.5122130738e-12
1.4900      1.12699717281839   1.12699717281092  7.4718009557e-12
1.4950      1.12628378349645   1.12628378348902  7.4318329268e-12
1.5000      1.12557484805989   1.12557484805250  7.3923089872e-12
1.5050      1.12487033370731   1.12487033369995  7.3530070921e-12
1.5100      1.12417020793529   1.12417020792798  7.3137051970e-12
1.5150      1.12347443853510   1.12347443852783  7.2746253466e-12
1.5200      1.12278299358933   1.12278299358210  7.2359895853e-12
1.5250      1.12209584146866   1.12209584146146  7.1973538240e-12
1.5300      1.12141295082863   1.12141295082147  7.1589401074e-12
1.5350      1.12073429060648   1.12073429059936  7.1209704799e-12
1.5400      1.12005983001801   1.12005983001093  7.0830008525e-12
1.5450      1.11938953855450   1.11938953854746  7.0454753143e-12
1.5500      1.11872338597965   1.11872338597264  7.0081718206e-12
1.5550      1.11806134232658   1.11806134231961  6.9710903716e-12
1.5600      1.11740337789485   1.11740337788791  6.9342309672e-12
1.5650      1.11674946324756   1.11674946324066  6.8973715628e-12
1.5700      1.11609956920843   1.11609956920157  6.8609562476e-12
1.5750      1.11545366685896   1.11545366685214  6.8247629770e-12
1.5800      1.11481172753564   1.11481172752886  6.7887917510e-12
1.5850      1.11417372282713   1.11417372282038  6.7525984804e-12
1.5900      1.11353962457155   1.11353962456484  6.7170713436e-12
1.5950      1.11290940485376   1.11290940484708  6.6815442068e-12
1.6000      1.11228303600271   1.11228303599606  6.6464611592e-12
1.6050      1.11166049058878   1.11166049058217  6.6116001562e-12
1.6100      1.11104174142121   1.11104174141463  6.5765171087e-12
1.6150      1.11042676154550   1.11042676153896  6.5418781503e-12
1.6200      1.10981552424090   1.10981552423439  6.5076832811e-12
1.6250      1.10920800301791   1.10920800301144  6.4732663674e-12
1.6300      1.10860417161581   1.10860417160937  6.4392935428e-12
1.6350      1.10800400400019   1.10800400399379  6.4055427629e-12
1.6400      1.10740747436061   1.10740747435424  6.3720140275e-12
1.6450      1.10681455710817   1.10681455710183  6.3384852922e-12
1.6500      1.10622522687318   1.10622522686688  6.3051786015e-12
1.6550      1.10563945850287   1.10563945849660  6.2720939553e-12
1.6600      1.10505722705906   1.10505722705282  6.2392313538e-12
1.6650      1.10447850781595   1.10447850780974  6.2068128415e-12
1.6700      1.10390327625786   1.10390327625169  6.1741722845e-12
1.6750      1.10333150807707   1.10333150807092  6.1419758168e-12
1.6800      1.10276317917157   1.10276317916546  6.1097793491e-12
1.6850      1.10219826564303   1.10219826563695  6.0780269706e-12
1.6900      1.10163674379457   1.10163674378852  6.0462745921e-12
1.6950      1.10107859012874   1.10107859012273  6.0147442582e-12
1.7000      1.10052378134545   1.10052378133947  5.9834359689e-12
1.7050      1.09997229433989   1.09997229433394  5.9521276796e-12
1.7100      1.09942410620055   1.09942410619463  5.9212634795e-12
1.7150      1.09887919420724   1.09887919420135  5.8903992795e-12
1.7200      1.09833753582909   1.09833753582323  5.8597571240e-12
1.7250      1.09779910872265   1.09779910871682  5.8293370131e-12
1.7300      1.09726389072994   1.09726389072414  5.7989169022e-12
1.7350      1.09673185987658   1.09673185987081  5.7689408806e-12
1.7400      1.09620299436991   1.09620299436418  5.7389648589e-12
1.7450      1.09567727259717   1.09567727259146  5.7092108818e-12
1.7500      1.09515467312362   1.09515467311794  5.6794569048e-12
1.7550      1.09463517469081   1.09463517468516  5.6501470169e-12
1.7600      1.09411875621474   1.09411875620912  5.6208371291e-12
1.7650      1.09360539678415   1.09360539677855  5.5917492858e-12
1.7700      1.09309507565873   1.09309507565317  5.5628834872e-12
1.7750      1.09258777226748   1.09258777226195  5.5342397332e-12
1.7800      1.09208346620694   1.09208346620144  5.5055959791e-12
1.7850      1.09158213723957   1.09158213723409  5.4771742697e-12
1.7900      1.09108376529205   1.09108376528660  5.4489746049e-12
1.7950      1.09058833045370   1.09058833044828  5.4209969846e-12
1.8000      1.09009581297482   1.09009581296943  5.3930193644e-12
1.8050      1.08960619326512   1.08960619325975  5.3652637888e-12
1.8100      1.08911945189212   1.08911945188678  5.3375082132e-12
1.8150      1.08863556957964   1.08863556957433  5.3099746822e-12
1.8200      1.08815452720620   1.08815452720092  5.2824411512e-12
1.8250      1.08767630580354   1.08767630579829  5.2553517094e-12
1.8300      1.08720088655513   1.08720088654990  5.2284843122e-12
1.8350      1.08672825079462   1.08672825078942  5.2016169150e-12
1.8400      1.08625838000445   1.08625837999928  5.1747495178e-12
1.8450      1.08579125581436   1.08579125580921  5.1483262098e-12
1.8500      1.08532685999995   1.08532685999483  5.1219029018e-12
1.8550      1.08486517448128   1.08486517447619  5.0957016384e-12
1.8600      1.08440618132149   1.08440618131642  5.0695003750e-12
1.8650      1.08394986272537   1.08394986272032  5.0437432009e-12
1.8700      1.08349620103801   1.08349620103299  5.0177639821e-12
1.8750      1.08304517874349   1.08304517873850  4.9922288525e-12
1.8800      1.08259677846349   1.08259677845852  4.9666937230e-12
1.8850      1.08215098295599   1.08215098295105  4.9411585934e-12
1.8900      1.08170777511396   1.08170777510904  4.9160675530e-12
1.8950      1.08126713796410   1.08126713795921  4.8909765127e-12
1.9000      1.08082905466552   1.08082905466065  4.8658854723e-12
1.9050      1.08039350850850   1.08039350850366  4.8410164766e-12
1.9100      1.07996048291327   1.07996048290845  4.8161474808e-12
1.9150      1.07952996142873   1.07952996142394  4.7915005297e-12
1.9200      1.07910192773126   1.07910192772649  4.7672976677e-12
1.9250      1.07867636562353   1.07867636561878  4.7428727612e-12
1.9300      1.07825325903326   1.07825325902854  4.7186698993e-12
1.9350      1.07783259201212   1.07783259200743  4.6946890819e-12
1.9400      1.07741434873449   1.07741434872982  4.6707082646e-12
1.9450      1.07699851349636   1.07699851349172  4.6469494919e-12
1.9500      1.07658507071417   1.07658507070955  4.6231907191e-12
1.9550      1.07617400492370   1.07617400491910  4.5996539910e-12
1.9600      1.07576530077894   1.07576530077437  4.5763393075e-12
1.9650      1.07535894305101   1.07535894304646  4.5532466686e-12
1.9700      1.07495491662708   1.07495491662255  4.5301540297e-12
1.9750      1.07455320650924   1.07455320650474  4.5072834354e-12
1.9800      1.07415379781353   1.07415379780905  4.4846348857e-12
1.9850      1.07375667576880   1.07375667576434  4.4617642914e-12
1.9900      1.07336182571573   1.07336182571129  4.4391157417e-12
1.9950      1.07296923310578   1.07296923310136  4.4166892366e-12
2.0000      1.07257888350015   1.07257888349575  4.3942627315e-12
2.0050      1.07219076256883   1.07219076256446  4.3722803156e-12
2.0100      1.07180485608957   1.07180485608522  4.3500758551e-12
2.0150      1.07142114994691   1.07142114994258  4.3283154838e-12
2.0200      1.07103963013117   1.07103963012686  4.3063330679e-12
2.0250      1.07066028273755   1.07066028273327  4.2845726966e-12
2.0300      1.07028309396515   1.07028309396089  4.2628123254e-12
2.0350      1.06990805011601   1.06990805011177  4.2414960433e-12
2.0400      1.06953513759422   1.06953513759000  4.2201797612e-12
2.0450      1.06916434290496   1.06916434290077  4.1986414345e-12
2.0500      1.06879565265362   1.06879565264945  4.1775471971e-12
2.0550      1.06842905354488   1.06842905354073  4.1566750042e-12
2.0600      1.06806453238183   1.06806453237770  4.1358028113e-12
2.0650      1.06770207606509   1.06770207606098  4.1149306185e-12
2.0700      1.06734167159193   1.06734167158784  4.0942804702e-12
2.0750      1.06698330605542   1.06698330605134  4.0738523666e-12
2.0800      1.06662696664355   1.06662696663950  4.0532022183e-12
2.0850      1.06627264063845   1.06627264063441  4.0329961593e-12
2.0900      1.06592031541545   1.06592031541144  4.0125680556e-12
2.0950      1.06556997844237   1.06556997843838  3.9925840412e-12
2.1000      1.06522161727863   1.06522161727466  3.9726000267e-12
2.1050      1.06487521957445   1.06487521957050  3.9526160123e-12
2.1100      1.06453077307008   1.06453077306615  3.9328540424e-12
2.1150      1.06418826559497   1.06418826559106  3.9133141172e-12
2.1200      1.06384768506703   1.06384768506314  3.8935521474e-12
2.1250      1.06350901949181   1.06350901948794  3.8740122221e-12
2.1300      1.06317225696177   1.06317225695792  3.8546943415e-12
2.1350      1.06283738565551   1.06283738565168  3.8353764609e-12
2.1400      1.06250439383701   1.06250439383320  3.8162806248e-12
2.1450      1.06217326985490   1.06217326985111  3.7971847888e-12
2.1500      1.06184400214172   1.06184400213794  3.7783109974e-12
2.1550      1.06151657921318   1.06151657920942  3.7594372060e-12
2.1600      1.06119098966748   1.06119098966374  3.7405634146e-12
2.1650      1.06086722218455   1.06086722218082  3.7221337124e-12
2.1700      1.06054526552537   1.06054526552167  3.7034819655e-12
2.1750      1.06022510853129   1.06022510852760  3.6850522633e-12
2.1800      1.05990674012329   1.05990674011963  3.6666225611e-12
2.1850      1.05959014930136   1.05959014929771  3.6484149035e-12
2.1900      1.05927532514375   1.05927532514012  3.6302072459e-12
2.1950      1.05896225680639   1.05896225680278  3.6119995883e-12
2.2000      1.05865093352214   1.05865093351854  3.5940139753e-12
2.2050      1.05834134460019   1.05834134459662  3.5760283623e-12
2.2100      1.05803347942541   1.05803347942185  3.5582647939e-12
2.2150      1.05772732745767   1.05772732745413  3.5405012255e-12
2.2200      1.05742287823124   1.05742287822772  3.5229597017e-12
2.2250      1.05712012135416   1.05712012135065  3.5056402226e-12
2.2300      1.05681904650758   1.05681904650410  3.4883207434e-12
2.2350      1.05651964344521   1.05651964344174  3.4710012642e-12
2.2400      1.05622190199264   1.05622190198919  3.4536817850e-12
2.2450      1.05592581204678   1.05592581204335  3.4365843504e-12
2.2500      1.05563136357525   1.05563136357183  3.4194869158e-12
2.2550      1.05533854661577   1.05533854661237  3.4026115259e-12
2.2600      1.05504735127563   1.05504735127224  3.3859581805e-12
2.2650      1.05475776773104   1.05475776772767  3.3690827905e-12
2.2700      1.05446978622659   1.05446978622324  3.3524294452e-12
2.2750      1.05418339707471   1.05418339707137  3.3359981444e-12
2.2800      1.05389859065504   1.05389859065172  3.3195668436e-12
2.2850      1.05361535741392   1.05361535741062  3.3031355429e-12
2.2900      1.05333368786386   1.05333368786057  3.2869262867e-12
2.2950      1.05305357258292   1.05305357257964  3.2707170305e-12
2.3000      1.05277500221423   1.05277500221097  3.2545077744e-12
2.3050      1.05249796746544   1.05249796746220  3.2385205628e-12
2.3100      1.05222245910819   1.05222245910496  3.2225333513e-12
2.3150      1.05194846797756   1.05194846797436  3.2067681843e-12
2.3200      1.05167598497161   1.05167598496842  3.1907809728e-12
2.3250      1.05140500105080   1.05140500104763  3.1750158058e-12
2.3300      1.05113550723751   1.05113550723435  3.1594726835e-12
2.3350      1.05086749461554   1.05086749461240  3.1439295611e-12
2.3400      1.05060095432961   1.05060095432649  3.1283864388e-12
2.3450      1.05033587758486   1.05033587758175  3.1130653610e-12
2.3500      1.05007225564634   1.05007225564324  3.0977442833e-12
2.3550      1.04981007983857   1.04981007983549  3.0824232056e-12
2.3600      1.04954934154503   1.04954934154196  3.0673241724e-12
2.3650      1.04929003220767   1.04929003220462  3.0522251393e-12
2.3700      1.04903214332649   1.04903214332345  3.0371261062e-12
2.3750      1.04877566645901   1.04877566645599  3.0222491176e-12
2.3800      1.04852059321986   1.04852059321685  3.0073721291e-12
2.3850      1.04826691528030   1.04826691527730  2.9924951406e-12
2.3900      1.04801462436775   1.04801462436477  2.9778401966e-12
2.3950      1.04776371226539   1.04776371226243  2.9631852527e-12
2.4000      1.04751417081166   1.04751417080871  2.9485303088e-12
2.4050      1.04726599189986   1.04726599189692  2.9340974095e-12
2.4100      1.04701916747769   1.04701916747477  2.9196645102e-12
2.4150      1.04677368954683   1.04677368954392  2.9054536554e-12
2.4200      1.04652955016251   1.04652955015962  2.8912428007e-12
2.4250      1.04628674143309   1.04628674143021  2.8770319460e-12
2.4300      1.04604525551962   1.04604525551676  2.8630431359e-12
2.4350      1.04580508463546   1.04580508463261  2.8490543258e-12
2.4400      1.04556622104583   1.04556622104300  2.8350655157e-12
2.4450      1.04532865706744   1.04532865706462  2.8210767056e-12
2.4500      1.04509238506804   1.04509238506523  2.8073099401e-12
2.4550      1.04485739746606   1.04485739746327  2.7933211300e-12
2.4600      1.04462368673021   1.04462368672743  2.7797764091e-12
2.4650      1.04439124537905   1.04439124537629  2.7660096436e-12
2.4700      1.04416006598066   1.04416006597790  2.7526869673e-12
2.4750      1.04393014115218   1.04393014114944  2.7391422464e-12
2.4800      1.04370146355950   1.04370146355677  2.7258195701e-12
2.4850      1.04347402591684   1.04347402591413  2.7124968938e-12
2.4900      1.04324782098639   1.04324782098369  2.6991742175e-12
2.4950      1.04302284157793   1.04302284157525  2.6860735858e-12
2.5000      1.04279908054848   1.04279908054580  2.6729729541e-12
2.5050      1.04257653080189   1.04257653079923  2.6598723224e-12
2.5100      1.04235518528855   1.04235518528590  2.6467716907e-12
2.5150      1.04213503700496   1.04213503700232  2.6338931036e-12
2.5200      1.04191607899343   1.04191607899081  2.6210145165e-12
2.5250      1.04169830434170   1.04169830433909  2.6081359294e-12
2.5300      1.04148170618259   1.04148170617999  2.5952573424e-12
2.5350      1.04126627769367   1.04126627769109  2.5826007999e-12
2.5400      1.04105201209693   1.04105201209436  2.5699442574e-12
2.5450      1.04083890265839   1.04083890265583  2.5575097595e-12
2.5500      1.04062694268782   1.04062694268528  2.5452973063e-12
2.5550      1.04041612553838   1.04041612553585  2.5328628084e-12
2.5600      1.04020644460629   1.04020644460377  2.5204283105e-12
2.5650      1.03999789333052   1.03999789332801  2.5082158572e-12
2.5700      1.03979046519244   1.03979046518995  2.4960034040e-12
2.5750      1.03958415371554   1.03958415371305  2.4837909507e-12
2.5800      1.03937895246505   1.03937895246258  2.4718005420e-12
2.5850      1.03917485504770   1.03917485504524  2.4598101334e-12
2.5900      1.03897185511135   1.03897185510890  2.4478197247e-12
2.5950      1.03876994634469   1.03876994634226  2.4358293160e-12
2.6000      1.03856912247698   1.03856912247455  2.4242829966e-12
2.6050      1.03836937727767   1.03836937727526  2.4122925879e-12
2.6100      1.03817070455617   1.03817070455377  2.4005242238e-12
2.6150      1.03797309816150   1.03797309815911  2.3889779044e-12
2.6200      1.03777655198203   1.03777655197965  2.3774315849e-12
2.6250      1.03758105994516   1.03758105994280  2.3658852655e-12
2.6300      1.03738661601706   1.03738661601471  2.3545609906e-12
2.6350      1.03719321420235   1.03719321420000  2.3432367158e-12
2.6400      1.03700084854382   1.03700084854148  2.3319124409e-12
2.6450      1.03680951312217   1.03680951311985  2.3205881661e-12
2.6500      1.03661920205571   1.03661920205340  2.3094859358e-12
2.6550      1.03642990950010   1.03642990949780  2.2983837056e-12
2.6600      1.03624162964804   1.03624162964575  2.2872814753e-12
2.6650      1.03605435672903   1.03605435672675  2.2759572005e-12
2.6700      1.03586808500909   1.03586808500683  2.2650770148e-12
2.6750      1.03568280879049   1.03568280878824  2.2539747846e-12
2.6800      1.03549852241148   1.03549852240924  2.2430945990e-12
2.6850      1.03531522024603   1.03531522024380  2.2322144133e-12
2.6900      1.03513289670357   1.03513289670135  2.2215562723e-12
2.6950      1.03495154622874   1.03495154622653  2.2108981312e-12
2.7000      1.03477116330111   1.03477116329891  2.2000179456e-12
2.7050      1.03459174243493   1.03459174243274  2.1895818492e-12
2.7100      1.03441327817893   1.03441327817675  2.1789237081e-12
2.7150      1.03423576511597   1.03423576511380  2.1682655671e-12
2.7200      1.03405919786288   1.03405919786072  2.1580515153e-12
2.7250      1.03388357107018   1.03388357106803  2.1473933742e-12
2.7300      1.03370887942183   1.03370887941969  2.1371793224e-12
2.7350      1.03353511763501   1.03353511763288  2.1269652706e-12
2.7400      1.03336228045985   1.03336228045774  2.1167512188e-12
2.7450      1.03319036267923   1.03319036267712  2.1065371669e-12
2.7500      1.03301935910849   1.03301935910640  2.0963231151e-12
2.7550      1.03284926459528   1.03284926459319  2.0863311079e-12
2.7600      1.03268007401923   1.03268007401716  2.0763391007e-12
2.7650      1.03251178229180   1.03251178228974  2.0661250488e-12
2.7700      1.03234438435602   1.03234438435396  2.0563550862e-12
2.7750      1.03217787518624   1.03217787518420  2.0463630790e-12
2.7800      1.03201224978797   1.03201224978593  2.0365931164e-12
2.7850      1.03184750319759   1.03184750319557  2.0266011092e-12
2.7900      1.03168363048218   1.03168363048016  2.0168311465e-12
2.7950      1.03152062673927   1.03152062673726  2.0070611839e-12
2.8000      1.03135848709664   1.03135848709464  1.9975132659e-12
2.8050      1.03119720671209   1.03119720671011  1.9879653479e-12
2.8100      1.03103678077327   1.03103678077130  1.9784174299e-12
2.8150      1.03087720449742   1.03087720449545  1.9688695119e-12
2.8200      1.03071847313115   1.03071847312919  1.9593215939e-12
2.8250      1.03056058195031   1.03056058194836  1.9499957205e-12
2.8300      1.03040352625971   1.03040352625777  1.9406698470e-12
2.8350      1.03024730139293   1.03024730139100  1.9313439736e-12
2.8400      1.03009190271216   1.03009190271024  1.9220181002e-12
2.8450      1.02993732560795   1.02993732560604  1.9126922268e-12
2.8500      1.02978356549903   1.02978356549713  1.9035883980e-12
2.8550      1.02963061783211   1.02963061783021  1.8944845692e-12
2.8600      1.02947847808169   1.02947847807981  1.8856027850e-12
2.8650      1.02932714174987   1.02932714174799  1.8764989562e-12
2.8700      1.02917660436614   1.02917660436427  1.8676171720e-12
2.8750      1.02902686148720   1.02902686148535  1.8585133432e-12
2.8800      1.02887790869678   1.02887790869493  1.8496315590e-12
2.8850      1.02872974160544   1.02872974160360  1.8409718194e-12
2.8900      1.02858235585036   1.02858235584853  1.8320900352e-12
2.8950      1.02843574709522   1.02843574709340  1.8232082510e-12
2.9000      1.02828991102996   1.02828991102814  1.8145485114e-12
2.9050      1.02814484337061   1.02814484336880  1.8058887719e-12
2.9100      1.02800053985912   1.02800053985732  1.7974510769e-12
2.9150      1.02785699626319   1.02785699626141  1.7887913373e-12
2.9200      1.02771420837608   1.02771420837430  1.7803536423e-12
2.9250      1.02757217201640   1.02757217201463  1.7716939027e-12
2.9300      1.02743088302802   1.02743088302625  1.7632562077e-12
2.9350      1.02729033727980   1.02729033727805  1.7548185127e-12
2.9400      1.02715053066551   1.02715053066376  1.7461587731e-12
2.9450      1.02701145910357   1.02701145910184  1.7379431227e-12
2.9500      1.02687311853697   1.02687311853524  1.7295054278e-12
2.9550      1.02673550493303   1.02673550493131  1.7212897774e-12
2.9600      1.02659861428326   1.02659861428155  1.7130741270e-12
2.9650      1.02646244260321   1.02646244260151  1.7050805212e-12
2.9700      1.02632698593231   1.02632698593061  1.6968648708e-12
2.9750      1.02619224033365   1.02619224033196  1.6886492205e-12
2.9800      1.02605820189389   1.02605820189221  1.6806556147e-12
2.9850      1.02592486672308   1.02592486672141  1.6724399643e-12
2.9900      1.02579223095446   1.02579223095280  1.6644463585e-12
2.9950      1.02566029074436   1.02566029074271  1.6564527527e-12
3.0000      1.02552904227202   1.02552904227037  1.6484591470e-12
3.0050      1.02539848173942   1.02539848173778  1.6404655412e-12
3.0100      1.02526860537116   1.02526860536953  1.6326939800e-12
3.0150      1.02513940941428   1.02513940941266  1.6249224188e-12
3.0200      1.02501089013811   1.02501089013650  1.6171508577e-12
3.0250      1.02488304383415   1.02488304383254  1.6093792965e-12
3.0300      1.02475586681588   1.02475586681428  1.6018297799e-12
3.0350      1.02462935541865   1.02462935541706  1.5940582188e-12
3.0400      1.02450350599950   1.02450350599791  1.5862866576e-12
3.0450      1.02437831493704   1.02437831493546  1.5789591856e-12
3.0500      1.02425377863130   1.02425377862973  1.5714096691e-12
3.0550      1.02412989350358   1.02412989350202  1.5640821971e-12
3.0600      1.02400665599632   1.02400665599476  1.5565326805e-12
3.0650      1.02388406257293   1.02388406257138  1.5489831640e-12
3.0700      1.02376210971769   1.02376210971615  1.5416556920e-12
3.0750      1.02364079393561   1.02364079393407  1.5343282200e-12
3.0800      1.02352011175223   1.02352011175070  1.5270007481e-12
3.0850      1.02340005971358   1.02340005971206  1.5196732761e-12
3.0900      1.02328063438596   1.02328063438445  1.5123458041e-12
3.0950      1.02316183235586   1.02316183235435  1.5050183322e-12
3.1000      1.02304365022979   1.02304365022829  1.4979129048e-12
3.1050      1.02292608463418   1.02292608463269  1.4908074775e-12
3.1100      1.02280913221523   1.02280913221375  1.4834800055e-12
3.1150      1.02269278963878   1.02269278963730  1.4763745781e-12
3.1200      1.02257705359018   1.02257705358872  1.4694911954e-12
3.1250      1.02246192077419   1.02246192077273  1.4623857680e-12
3.1300      1.02234738791479   1.02234738791334  1.4555023853e-12
3.1350      1.02223345175513   1.02223345175368  1.4486190025e-12
3.1400      1.02212010905734   1.02212010905590  1.4417356198e-12
3.1450      1.02200735660245   1.02200735660102  1.4348522370e-12
3.1500      1.02189519119025   1.02189519118882  1.4279688543e-12
3.1550      1.02178360963915   1.02178360963773  1.4213075161e-12
3.1600      1.02167260878609   1.02167260878467  1.4144241334e-12
3.1650      1.02156218548640   1.02156218548500  1.4077627952e-12
3.1700      1.02145233661370   1.02145233661230  1.4011014571e-12
3.1750      1.02134305905974   1.02134305905835  1.3944401189e-12
3.1800      1.02123434973433   1.02123434973294  1.3877787808e-12
3.1850      1.02112620556520   1.02112620556382  1.3811174426e-12
3.1900      1.02101862349787   1.02101862349649  1.3746781491e-12
3.1950      1.02091160049556   1.02091160049419  1.3682388555e-12
3.2000      1.02080513353908   1.02080513353771  1.3617995620e-12
3.2050      1.02069921962667   1.02069921962532  1.3553602685e-12
3.2100      1.02059385577396   1.02059385577261  1.3489209749e-12
3.2150      1.02048903901379   1.02048903901245  1.3427037260e-12
3.2200      1.02038476639613   1.02038476639479  1.3362644324e-12
3.2250      1.02028103498797   1.02028103498665  1.3298251389e-12
3.2300      1.02017784187322   1.02017784187190  1.3236078900e-12
3.2350      1.02007518415257   1.02007518415125  1.3173906410e-12
3.2400      1.01997305894341   1.01997305894210  1.3111733921e-12
3.2450      1.01987146337972   1.01987146337841  1.3051781877e-12
3.2500      1.01977039461193   1.01977039461063  1.2989609388e-12
3.2550      1.01966984980689   1.01966984980560  1.2927436899e-12
3.2600      1.01956982614768   1.01956982614640  1.2867484855e-12
3.2650      1.01947032083357   1.01947032083228  1.2805312366e-12
3.2700      1.01937133107986   1.01937133107858  1.2745360323e-12
3.2750      1.01927285411783   1.01927285411656  1.2687628725e-12
3.2800      1.01917488719463   1.01917488719337  1.2627676682e-12
3.2850      1.01907742757314   1.01907742757189  1.2567724639e-12
3.2900      1.01898047253192   1.01898047253067  1.2507772595e-12
3.2950      1.01888401936507   1.01888401936382  1.2450040998e-12
3.3000      1.01878806538215   1.01878806538091  1.2390088955e-12
3.3050      1.01869260790810   1.01869260790687  1.2332357358e-12
3.3100      1.01859764428310   1.01859764428187  1.2274625760e-12
3.3150      1.01850317186251   1.01850317186129  1.2216894163e-12
3.3200      1.01840918801677   1.01840918801555  1.2159162566e-12
3.3250      1.01831569013127   1.01831569013006  1.2101430968e-12
3.3300      1.01822267560631   1.01822267560510  1.2045919817e-12
3.3350      1.01813014185696   1.01813014185576  1.1988188220e-12
3.3400      1.01803808631300   1.01803808631180  1.1930456623e-12
3.3450      1.01794650641880   1.01794650641761  1.1874945471e-12
3.3500      1.01785539963326   1.01785539963207  1.1819434320e-12
3.3550      1.01776476342967   1.01776476342850  1.1766143615e-12
3.3600      1.01767459529569   1.01767459529452  1.1710632464e-12
3.3650      1.01758489273319   1.01758489273202  1.1655121313e-12
3.3700      1.01749565325819   1.01749565325703  1.1599610161e-12
3.3750      1.01740687440081   1.01740687439965  1.1544099010e-12
3.3800      1.01731855370510   1.01731855370395  1.1488587859e-12
3.3850      1.01723068872903   1.01723068872788  1.1433076708e-12
3.3900      1.01714327704435   1.01714327704321  1.1379786002e-12
3.3950      1.01705631623654   1.01705631623541  1.1326495297e-12
3.4000      1.01696980390471   1.01696980390359  1.1273204592e-12
3.4050      1.01688373766152   1.01688373766040  1.1219913887e-12
3.4100      1.01679811513307   1.01679811513195  1.1166623182e-12
3.4150      1.01671293395885   1.01671293395774  1.1113332476e-12
3.4200      1.01662819179167   1.01662819179056  1.1060041771e-12
3.4250      1.01654388629751   1.01654388629641  1.1008971512e-12
3.4300      1.01646001515551   1.01646001515442  1.0955680807e-12
3.4350      1.01637657605786   1.01637657605677  1.0904610548e-12
3.4400      1.01629356670971   1.01629356670862  1.0853540289e-12
3.4450      1.01621098482909   1.01621098482801  1.0802470030e-12
3.4500      1.01612882814687   1.01612882814579  1.0751399770e-12
3.4550      1.01604709440663   1.01604709440556  1.0700329511e-12
3.4600      1.01596578136460   1.01596578136353  1.0651479698e-12
3.4650      1.01588488678959   1.01588488678853  1.0600409439e-12
3.4700      1.01580440846293   1.01580440846187  1.0551559626e-12
3.4750      1.01572434417834   1.01572434417729  1.0500489367e-12
3.4800      1.01564469174189   1.01564469174085  1.0451639554e-12
3.4850      1.01556544897194   1.01556544897090  1.0400569295e-12
3.4900      1.01548661369903   1.01548661369799  1.0351719482e-12
3.4950      1.01540818376581   1.01540818376478  1.0302869669e-12
3.5000      1.01533015702700   1.01533015702598  1.0254019855e-12
3.5050      1.01525253134928   1.01525253134826  1.0205170042e-12
3.5100      1.01517530461122   1.01517530461021  1.0158540675e-12
3.5150      1.01509847470323   1.01509847470222  1.0109690862e-12
3.5200      1.01502203952748   1.01502203952647  1.0063061495e-12
3.5250      1.01494599699780   1.01494599699680  1.0014211682e-12
3.5300      1.01487034503965   1.01487034503866  9.9675823151e-13
3.5350      1.01479508159004   1.01479508158905  9.9209529481e-13
3.5400      1.01472020459742   1.01472020459644  9.8743235810e-13
3.5450      1.01464571202168   1.01464571202070  9.8276942140e-13
3.5500      1.01457160183402   1.01457160183304  9.7832852930e-13
3.5550      1.01449787201690   1.01449787201593  9.7366559260e-13
3.5600      1.01442452056400   1.01442452056303  9.6900265589e-13
3.5650      1.01435154548011   1.01435154547914  9.6433971919e-13
3.5700      1.01427894478108   1.01427894478012  9.5989882709e-13
3.5750      1.01420671649377   1.01420671649281  9.5523589039e-13
3.5800      1.01413485865595   1.01413485865500  9.5079499829e-13
3.5850      1.01406336931627   1.01406336931532  9.4635410619e-13
3.5900      1.01399224653416   1.01399224653322  9.4191321409e-13
3.5950      1.01392148837980   1.01392148837886  9.3747232199e-13
3.6000      1.01385109293403   1.01385109293309  9.3325347450e-13
3.6050      1.01378105828828   1.01378105828735  9.2859053780e-13
3.6100      1.01371138254455   1.01371138254362  9.2437169030e-13
3.6150      1.01364206381528   1.01364206381436  9.2015284281e-13
3.6200      1.01357310022336   1.01357310022245  9.1571195071e-13
3.6250      1.01350448990202   1.01350448990110  9.1149310322e-13
3.6300      1.01343623099475   1.01343623099384  9.0727425572e-13
3.6350      1.01336832165531   1.01336832165441  9.0283336363e-13
3.6400      1.01330076004762   1.01330076004672  8.9839247153e-13
3.6450      1.01323354434568   1.01323354434478  8.9417362403e-13
3.6500      1.01316667273356   1.01316667273267  8.8995477654e-13
3.6550      1.01310014340531   1.01310014340442  8.8573592905e-13
3.6600      1.01303395456491   1.01303395456403  8.8173912616e-13
3.6650      1.01296810442620   1.01296810442532  8.7752027866e-13
3.6700      1.01290259121284   1.01290259121196  8.7352347578e-13
3.6750      1.01283741315823   1.01283741315736  8.6930462828e-13
3.6800      1.01277256850547   1.01277256850460  8.6508578079e-13
3.6850      1.01270805550729   1.01270805550643  8.6108897790e-13
3.6900      1.01264387242601   1.01264387242515  8.5709217501e-13
3.6950      1.01258001753346   1.01258001753260  8.5309537212e-13
3.7000      1.01251648911093   1.01251648911008  8.4909856923e-13
3.7050      1.01245328544915   1.01245328544830  8.4510176634e-13
3.7100      1.01239040484817   1.01239040484732  8.4110496346e-13
3.7150      1.01232784561734   1.01232784561651  8.3710816057e-13
3.7200      1.01226560607529   1.01226560607445  8.3333340228e-13
3.7250      1.01220368454979   1.01220368454896  8.2955864400e-13
3.7300      1.01214207937778   1.01214207937696  8.2556184111e-13
3.7350      1.01208078890528   1.01208078890445  8.2156503822e-13
3.7400      1.01201981148730   1.01201981148649  8.1779027994e-13
3.7450      1.01195914548788   1.01195914548707  8.1379347705e-13
3.7500      1.01189878927995   1.01189878927913  8.1024076337e-13
3.7550      1.01183874124530   1.01183874124449  8.0646600509e-13
3.7600      1.01177899977456   1.01177899977375  8.0269124680e-13
3.7650      1.01171956326711   1.01171956326631  7.9891648852e-13
3.7700      1.01166043013107   1.01166043013027  7.9491968563e-13
3.7750      1.01160159878319   1.01160159878240  7.9114492735e-13
3.7800      1.01154306764885   1.01154306764806  7.8737016906e-13
3.7850      1.01148483516199   1.01148483516121  7.8381745539e-13
3.7900      1.01142689976507   1.01142689976429  7.8004269710e-13
3.7950      1.01136925990901   1.01136925990823  7.7648998342e-13
3.8000      1.01131191405312   1.01131191405234  7.7271522514e-13
3.8050      1.01125486066510   1.01125486066433  7.6916251146e-13
3.8100      1.01119809822096   1.01119809822020  7.6560979778e-13
3.8150      1.01114162520498   1.01114162520422  7.6227912871e-13
3.8200      1.01108544010966   1.01108544010890  7.5872641503e-13
3.8250      1.01102954143564   1.01102954143489  7.5517370135e-13
3.8300      1.01097392769174   1.01097392769098  7.5162098767e-13
3.8350      1.01091859739480   1.01091859739405  7.4806827399e-13
3.8400      1.01086354906973   1.01086354906899  7.4473760492e-13
3.8450      1.01080878124941   1.01080878124866  7.4118489124e-13
3.8500      1.01075429247464   1.01075429247390  7.3785422217e-13
3.8550      1.01070008129414   1.01070008129340  7.3430150849e-13
3.8600      1.01064614626445   1.01064614626372  7.3097083941e-13
3.8650      1.01059248594994   1.01059248594921  7.2741812573e-13
3.8700      1.01053909892269   1.01053909892197  7.2408745666e-13
3.8750      1.01048598376254   1.01048598376182  7.2075678759e-13
3.8800      1.01043313905695   1.01043313905623  7.1742611851e-13
3.8850      1.01038056340103   1.01038056340031  7.1409544944e-13
3.8900      1.01032825539746   1.01032825539675  7.1076478037e-13
3.8950      1.01027621365645   1.01027621365574  7.0721206669e-13
3.9000      1.01022443679570   1.01022443679500  7.0388139761e-13
3.9050      1.01017292344037   1.01017292343967  7.0077277314e-13
3.9100      1.01012167222300   1.01012167222230  6.9744210407e-13
3.9150      1.01007068178351   1.01007068178282  6.9411143500e-13
3.9200      1.01001995076914   1.01001995076845  6.9100281053e-13
3.9250      1.00996947783440   1.00996947783371  6.8767214145e-13
3.9300      1.00991926164103   1.00991926164035  6.8434147238e-13
3.9350      1.00986930085798   1.00986930085730  6.8101080331e-13
3.9400      1.00981959416135   1.00981959416067  6.7790217884e-13
3.9450      1.00977014023433   1.00977014023365  6.7479355437e-13
3.9500      1.00972093776720   1.00972093776653  6.7168492990e-13
3.9550      1.00967198545728   1.00967198545661  6.6857630543e-13
3.9600      1.00962328200886   1.00962328200820  6.6546768096e-13
3.9650      1.00957482613320   1.00957482613253  6.6235905649e-13
3.9700      1.00952661654844   1.00952661654779  6.5925043202e-13
3.9750      1.00947865197964   1.00947865197898  6.5614180755e-13
3.9800      1.00943093115864   1.00943093115798  6.5303318308e-13
3.9850      1.00938345282411   1.00938345282346  6.5014660322e-13
3.9900      1.00933621572145   1.00933621572081  6.4703797875e-13
3.9950      1.00928921860281   1.00928921860217  6.4415139889e-13
4.0000      1.00924246022698   1.00924246022634  6.4104277442e-13
4.0050      1.00919593935942   1.00919593935878  6.3815619455e-13
4.0100      1.00914965477216   1.00914965477153  6.3526961469e-13
4.0150      1.00910360524383   1.00910360524320  6.3238303483e-13
4.0200      1.00905778955957   1.00905778955894  6.2949645496e-13
4.0250      1.00901220651101   1.00901220651038  6.2660987510e-13
4.0300      1.00896685489623   1.00896685489561  6.2350125063e-13
4.0350      1.00892173351975   1.00892173351913  6.2061467077e-13
4.0400      1.00887684119243   1.00887684119182  6.1772809090e-13
4.0450      1.00883217673153   1.00883217673091  6.1506355564e-13
4.0500      1.00878773896056   1.00878773895994  6.1217697578e-13
4.0550      1.00874352670934   1.00874352670873  6.0929039591e-13
4.0600      1.00869953881392   1.00869953881332  6.0640381605e-13
4.0650      1.00865577411656   1.00865577411595  6.0351723619e-13
4.0700      1.00861223146567   1.00861223146506  6.0085270093e-13
4.0750      1.00856890971580   1.00856890971520  5.9796612106e-13
4.0800      1.00852580772760   1.00852580772701  5.9507954120e-13
4.0850      1.00848292436779   1.00848292436720  5.9241500594e-13
4.0900      1.00844025850911   1.00844025850852  5.8952842608e-13
4.0950      1.00839780903031   1.00839780902972  5.8664184621e-13
4.1000      1.00835557481607   1.00835557481549  5.8397731095e-13
4.1050      1.00831355475704   1.00831355475645  5.8131277569e-13
4.1100      1.00827174774973   1.00827174774915  5.7842619583e-13
4.1150      1.00823015269653   1.00823015269596  5.7598370518e-13
4.1200      1.00818876850567   1.00818876850510  5.7331916992e-13
4.1250      1.00814759409115   1.00814759409058  5.7065463466e-13
4.1300      1.00810662837275   1.00810662837218  5.6799009940e-13
4.1350      1.00806587027597   1.00806587027541  5.6510351953e-13
4.1400      1.00802531873204   1.00802531873147  5.6243898428e-13
4.1450      1.00798497267781   1.00798497267725  5.5977444902e-13
4.1500      1.00794483105581   1.00794483105526  5.5733195836e-13
4.1550      1.00790489281415   1.00790489281360  5.5488946771e-13
4.1600      1.00786515690652   1.00786515690597  5.5222493245e-13
4.1650      1.00782562229215   1.00782562229161  5.4956039719e-13
4.1700      1.00778628793579   1.00778628793524  5.4711790654e-13
4.1750      1.00774715280765   1.00774715280711  5.4445337128e-13
4.1800      1.00770821588341   1.00770821588287  5.4201088062e-13
4.1850      1.00766947614416   1.00766947614362  5.3956838997e-13
4.1900      1.00763093257638   1.00763093257584  5.3712589931e-13
4.1950      1.00759258417191   1.00759258417138  5.3468340866e-13
4.2000      1.00755442992793   1.00755442992739  5.3224091801e-13
4.2050      1.00751646884689   1.00751646884636  5.2979842735e-13
4.2100      1.00747869993654   1.00747869993601  5.2735593670e-13
4.2150      1.00744112220986   1.00744112220934  5.2491344604e-13
4.2200      1.00740373468504   1.00740373468452  5.2247095539e-13
4.2250      1.00736653638546   1.00736653638494  5.2002846473e-13
4.2300      1.00732952633964   1.00732952633912  5.1758597408e-13
4.2350      1.00729270358123   1.00729270358072  5.1514348343e-13
4.2400      1.00725606714900   1.00725606714849  5.1270099277e-13
4.2450      1.00721961608675   1.00721961608624  5.1025850212e-13
4.2500      1.00718334944336   1.00718334944285  5.0803805607e-13
4.2550      1.00714726627269   1.00714726627218  5.0559556541e-13
4.2600      1.00711136563360   1.00711136563309  5.0315307476e-13
4.2650      1.00707564658990   1.00707564658940  5.0071058411e-13
4.2700      1.00704010821035   1.00704010820985  4.9826809345e-13
4.2750      1.00700474956859   1.00700474956810  4.9604764740e-13
4.2800      1.00696956974315   1.00696956974266  4.9360515675e-13
4.2850      1.00693456781740   1.00693456781691  4.9138471070e-13
4.2900      1.00689974287954   1.00689974287905  4.8916426465e-13
4.2950      1.00686509402255   1.00686509402206  4.8694381860e-13
4.3000      1.00683062034420   1.00683062034371  4.8450132795e-13
4.3050      1.00679632094699   1.00679632094650  4.8228088190e-13
4.3100      1.00676219493813   1.00676219493765  4.8006043585e-13
4.3150      1.00672824142955   1.00672824142907  4.7761794519e-13
4.3200      1.00669445953781   1.00669445953734  4.7539749914e-13
4.3250      1.00666084838413   1.00666084838366  4.7339909770e-13
4.3300      1.00662740709433   1.00662740709386  4.7117865165e-13
4.3350      1.00659413479884   1.00659413479837  4.6895820560e-13
4.3400      1.00656103063263   1.00656103063216  4.6651571495e-13
4.3450      1.00652809373521   1.00652809373475  4.6451731350e-13
4.3500      1.00649532325062   1.00649532325016  4.6229686745e-13
4.3550      1.00646271832738   1.00646271832692  4.6007642140e-13
4.3600      1.00643027811847   1.00643027811801  4.5785597536e-13
4.3650      1.00639800178131   1.00639800178085  4.5563552931e-13
4.3700      1.00636588847773   1.00636588847728  4.5363712786e-13
4.3750      1.00633393737397   1.00633393737352  4.5141668181e-13
4.3800      1.00630214764062   1.00630214764018  4.4941828037e-13
4.3850      1.00627051845262   1.00627051845217  4.4719783432e-13
4.3900      1.00623904898922   1.00623904898877  4.4519943287e-13
4.3950      1.00620773843397   1.00620773843353  4.4320103143e-13
4.4000      1.00617658597470   1.00617658597426  4.4098058538e-13
4.4050      1.00614559080348   1.00614559080304  4.3898218394e-13
4.4100      1.00611475211660   1.00611475211617  4.3698378249e-13
4.4150      1.00608406911457   1.00608406911414  4.3498538105e-13
4.4200      1.00605354100207   1.00605354100164  4.3298697960e-13
4.4250      1.00602316698794   1.00602316698751  4.3098857816e-13
4.4300      1.00599294628513   1.00599294628470  4.2899017672e-13
4.4350      1.00596287811074   1.00596287811032  4.2699177527e-13
4.4400      1.00593296168594   1.00593296168552  4.2499337383e-13
4.4450      1.00590319623596   1.00590319623554  4.2299497238e-13
4.4500      1.00587358099009   1.00587358098967  4.2099657094e-13
4.4550      1.00584411518163   1.00584411518121  4.1922021410e-13
4.4600      1.00581479804789   1.00581479804747  4.1722181265e-13
4.4650      1.00578562883014   1.00578562882973  4.1522341121e-13
4.4700      1.00575660677365   1.00575660677323  4.1322500977e-13
4.4750      1.00572773112757   1.00572773112716  4.1122660832e-13
4.4800      1.00569900114501   1.00569900114460  4.0922820688e-13
4.4850      1.00567041608296   1.00567041608255  4.0745185004e-13
4.4900      1.00564197520226   1.00564197520186  4.0567549320e-13
4.4950      1.00561367776764   1.00561367776723  4.0367709175e-13
4.5000      1.00558552304762   1.00558552304722  4.0167869031e-13
4.5050      1.00555751031457   1.00555751031417  3.9990233347e-13
4.5100      1.00552963884461   1.00552963884421  3.9790393203e-13
4.5150      1.00550190791766   1.00550190791726  3.9612757519e-13
4.5200      1.00547431681737   1.00547431681697  3.9435121835e-13
4.5250      1.00544686483112   1.00544686483073  3.9235281690e-13
4.5300      1.00541955125000   1.00541955124961  3.9057646006e-13
4.5350      1.00539237536880   1.00539237536841  3.8880010322e-13
4.5400      1.00536533648595   1.00536533648556  3.8702374638e-13
4.5450      1.00533843390355   1.00533843390317  3.8524738954e-13
4.5500      1.00531166692733   1.00531166692694  3.8324898810e-13
4.5550      1.00528503486660   1.00528503486622  3.8147263126e-13
4.5600      1.00525853703430   1.00525853703392  3.7969627442e-13
4.5650      1.00523217274690   1.00523217274652  3.7791991758e-13
4.5700      1.00520594132445   1.00520594132407  3.7614356074e-13
4.5750      1.00517984209051   1.00517984209014  3.7436720390e-13
4.5800      1.00515387437218   1.00515387437181  3.7259084706e-13
4.5850      1.00512803750002   1.00512803749965  3.7081449022e-13
4.5900      1.00510233080809   1.00510233080772  3.6903813339e-13
4.5950      1.00507675363388   1.00507675363352  3.6726177655e-13
4.6000      1.00505130531836   1.00505130531799  3.6548541971e-13
4.6050      1.00502598520587   1.00502598520551  3.6393110747e-13
4.6100      1.00500079264418   1.00500079264382  3.6237679524e-13
4.6150      1.00497572698443   1.00497572698407  3.6060043840e-13
4.6200      1.00495078758114   1.00495078758078  3.5882408156e-13
4.6250      1.00492597379215   1.00492597379180  3.5704772472e-13
4.6300      1.00490128497865   1.00490128497830  3.5549341248e-13
4.6350      1.00487672050514   1.00487672050478  3.5371705565e-13
4.6400      1.00485227973938   1.00485227973903  3.5216274341e-13
4.6450      1.00482796205245   1.00482796205210  3.5038638657e-13
4.6500      1.00480376681866   1.00480376681831  3.4883207434e-13
4.6550      1.00477969341557   1.00477969341522  3.4727776210e-13
4.6600      1.00475574122394   1.00475574122360  3.4550140526e-13
4.6650      1.00473190962777   1.00473190962743  3.4394709303e-13
4.6700      1.00470819801423   1.00470819801389  3.4217073619e-13
4.6750      1.00468460577365   1.00468460577331  3.4061642395e-13
4.6800      1.00466113229954   1.00466113229920  3.3906211172e-13
4.6850      1.00463777698851   1.00463777698818  3.3728575488e-13
4.6900      1.00461453924033   1.00461453924000  3.3573144265e-13
4.6950      1.00459141845785   1.00459141845752  3.3417713041e-13
4.7000      1.00456841404702   1.00456841404668  3.3262281818e-13
4.7050      1.00454552541683   1.00454552541650  3.3106850594e-13
4.7100      1.00452275197936   1.00452275197903  3.2973623831e-13
4.7150      1.00450009314972   1.00450009314939  3.2795988147e-13
4.7200      1.00447754834603   1.00447754834570  3.2640556924e-13
4.7250      1.00445511698941   1.00445511698909  3.2485125701e-13
4.7300      1.00443279850400   1.00443279850367  3.2351898938e-13
4.7350      1.00441059231687   1.00441059231655  3.2196467714e-13
4.7400      1.00438849785809   1.00438849785777  3.2041036491e-13
4.7450      1.00436651456064   1.00436651456032  3.1907809728e-13
4.7500      1.00434464186045   1.00434464186013  3.1774582965e-13
4.7550      1.00432287919634   1.00432287919602  3.1619151741e-13
4.7600      1.00430122601003   1.00430122600971  3.1485924978e-13
4.7650      1.00427968174613   1.00427968174582  3.1330493755e-13
4.7700      1.00425824585211   1.00425824585180  3.1175062531e-13
4.7750      1.00423691777828   1.00423691777797  3.1019631308e-13
4.7800      1.00421569697779   1.00421569697748  3.0864200085e-13
4.7850      1.00419458290661   1.00419458290631  3.0730973322e-13
4.7900      1.00417357502352   1.00417357502322  3.0575542098e-13
4.7950      1.00415267279008   1.00415267278977  3.0442315335e-13
4.8000      1.00413187567062   1.00413187567031  3.0309088572e-13
4.8050      1.00411118313223   1.00411118313193  3.0153657349e-13
4.8100      1.00409059464476   1.00409059464446  3.0020430586e-13
4.8150      1.00407010968078   1.00407010968048  2.9887203823e-13
4.8200      1.00404972771557   1.00404972771528  2.9731772599e-13
4.8250      1.00402944822712   1.00402944822683  2.9598545837e-13
4.8300      1.00400927069611   1.00400927069581  2.9465319074e-13
4.8350      1.00398919460587   1.00398919460558  2.9332092311e-13
4.8400      1.00396921944242   1.00396921944213  2.9176661087e-13
4.8450      1.00394934469441   1.00394934469412  2.9065638785e-13
4.8500      1.00392956985311   1.00392956985282  2.8910207561e-13
4.8550      1.00390989441242   1.00390989441213  2.8776980798e-13
4.8600      1.00389031786884   1.00389031786855  2.8643754035e-13
4.8650      1.00387083972146   1.00387083972117  2.8510527272e-13
4.8700      1.00385145947194   1.00385145947166  2.8377300509e-13
4.8750      1.00383217662451   1.00383217662422  2.8244073746e-13
4.8800      1.00381299068593   1.00381299068565  2.8133051444e-13
4.8850      1.00379390116553   1.00379390116525  2.7999824681e-13
4.8900      1.00377490757511   1.00377490757483  2.7866597918e-13
4.8950      1.00375600942903   1.00375600942875  2.7755575616e-13
4.9000      1.00373720624411   1.00373720624384  2.7622348853e-13
4.9050      1.00371849753967   1.00371849753939  2.7489122090e-13
4.9100      1.00369988283748   1.00369988283721  2.7355895327e-13
4.9150      1.00368136166178   1.00368136166151  2.7222668564e-13
4.9200      1.00366293353926   1.00366293353899  2.7089441801e-13
4.9250      1.00364459799901   1.00364459799874  2.6956215038e-13
4.9300      1.00362635457256   1.00362635457230  2.6822988275e-13
4.9350      1.00360820279385   1.00360820279358  2.6711965972e-13
4.9400      1.00359014219919   1.00359014219892  2.6578739210e-13
4.9450      1.00357217232728   1.00357217232701  2.6467716907e-13
4.9500      1.00355429271918   1.00355429271892  2.6334490144e-13
4.9550      1.00353650291832   1.00353650291805  2.6223467842e-13
4.9600      1.00351880247044   1.00351880247018  2.6112445539e-13
4.9650      1.00350119092365   1.00350119092339  2.6001423237e-13
4.9700      1.00348366782835   1.00348366782809  2.5868196474e-13
4.9750      1.00346623273724   1.00346623273698  2.5757174171e-13
4.9800      1.00344888520533   1.00344888520507  2.5646151869e-13
4.9850      1.00343162478990   1.00343162478965  2.5512925106e-13
4.9900      1.00341445105051   1.00341445105025  2.5401902803e-13
4.9950      1.00339736354895   1.00339736354870  2.5290880501e-13
5.0000      1.00338036184928   1.00338036184903  2.5179858198e-13
###  max_n |e_n|=2.6141755427e-11