# Time t_n, Numerical sol. X_n, Exact sol. x(t_n), Error e_n
0.0000      2.00000000000000   2.00000000000000  0.0000000000e+00
0.0500      1.90699489627321   1.90699476770490  1.2856830423e-07
0.1000      1.82621307058148   1.82621286824212  2.0233935549e-07
0.1500      1.75547641447547   1.75547617170554  2.4276992883e-07
0.2000      1.69309436899622   1.69309410637017  2.6262604869e-07
0.2500      1.63773469686402   1.63773442717245  2.6969156730e-07
0.3000      1.58833329018046   1.58833302137106  2.6880939719e-07
0.3500      1.54402991653730   1.54402965349534  2.6304196221e-07
0.4000      1.50412159876604   1.50412134441609  2.5434994599e-07
0.4500      1.46802822944314   1.46802798544377  2.4399936027e-07
0.5000      1.43526683120473   1.43526659839358  2.3281114592e-07
0.5500      1.40543202870468   1.40543180738745  2.2131723743e-07
0.6000      1.37818105098571   1.37818084112586  2.0985984750e-07
0.6500      1.35322208371299   1.35322188505740  1.9865559109e-07
0.7000      1.33030512967668   1.33030494183922  1.8783745692e-07
0.7500      1.30921476923468   1.30921459175208  1.7748259262e-07
0.8000      1.28976437533172   1.28976420770084  1.6763087984e-07
0.8500      1.27179145317371   1.27179129487626  1.5829745070e-07
0.9000      1.25515385747095   1.25515370798978  1.4948117322e-07
0.9500      1.23972670031386   1.23972655914343  1.4117043001e-07
1.0000      1.22539980690762   1.22539967356056  1.3334706028e-07
1.0500      1.21207560915501   1.21207548316596  1.2598905075e-07
1.1000      1.19966739161687   1.19966727254450  1.1907236352e-07
1.1500      1.18809782292922   1.18809771035705  1.1257217025e-07
1.2000      1.17729771989554   1.17729761343186  1.0646367588e-07
1.2500      1.16720500233848   1.16720490161583  1.0072265377e-07
1.3000      1.15776380520770   1.15776370988191  9.5325785932e-08
1.3500      1.14892372099963   1.14892363074877  9.0250863671e-08
1.4000      1.14063915069487   1.14063906521797  8.5476894007e-08
1.4500      1.13286874548652   1.13286866450238  8.0984142725e-08
1.5000      1.12557492480663   1.12557484805250  7.6754132827e-08
1.5500      1.11872345874226   1.11872338597264  7.2769615223e-08
1.6000      1.11228310501059   1.11228303599606  6.9014520321e-08
1.6500      1.10622529234078   1.10622522686688  6.5473899413e-08
1.7000      1.10052384347333   1.10052378133947  6.2133860057e-08
1.7500      1.09515473209944   1.09515467311794  5.8981499906e-08
1.8000      1.09009586897427   1.09009581296943  5.6004839211e-08
1.8500      1.08532691318758   1.08532685999483  5.3192755090e-08
1.9000      1.08082910519557   1.08082905466065  5.0534920915e-08
1.9500      1.07658511873130   1.07658507070955  4.8021745025e-08
2.0000      1.07257892914007   1.07257888349575  4.5644315660e-08
2.0500      1.06879569604380   1.06879565264945  4.3394349891e-08
2.1000      1.06522165853880   1.06522161727466  4.1264143213e-08
2.1500      1.06184404138446   1.06184400213794  3.9246526473e-08
2.2000      1.05865097085337   1.05865093351854  3.7334823677e-08
2.2500      1.05563139909464   1.05563136357183  3.5522814246e-08
2.3000      1.05277503601567   1.05277500221097  3.3804697930e-08
2.3500      1.05007228781831   1.05007225564324  3.2175061948e-08
2.4000      1.04751420143756   1.04751417080871  3.0628851899e-08
2.4500      1.04509241422658   1.04509238506523  2.9161345561e-08
2.5000      1.04279910831393   1.04279908054580  2.7768125799e-08
2.5500      1.04062696913034   1.04062694268528  2.6445059698e-08
2.6000      1.03856914766283   1.03856912247455  2.5188276576e-08
2.6500      1.03661922604755   1.03661920205340  2.3994149334e-08
2.7000      1.03477118615818   1.03477116329891  2.2859276250e-08
2.7500      1.03301938088686   1.03301935910640  2.1780465209e-08
2.8000      1.03135850784936   1.03135848709464  2.0754718166e-08
2.8500      1.02978358527634   1.02978356549713  1.9779218485e-08
2.9000      1.02828992987946   1.02828991102814  1.8851317174e-08
2.9500      1.02687313650376   1.02687311853524  1.7968522226e-08
3.0000      1.02552905939886   1.02552904227037  1.7128487517e-08
3.0500      1.02425379495874   1.02425377862973  1.6329002595e-08
3.1000      1.02304366579627   1.02304365022829  1.5567984901e-08
3.1500      1.02189520603229   1.02189519118882  1.4843469565e-08
3.2000      1.02080514769132   1.02080513353771  1.4153602956e-08
3.2500      1.01977040810727   1.01977039461063  1.3496635143e-08
3.3000      1.01878807825183   1.01878806538091  1.2870913224e-08
3.3500      1.01785541190695   1.01785539963207  1.2274875338e-08
3.4000      1.01696981561063   1.01696980390359  1.1707044667e-08
3.4500      1.01612883931182   1.01612882814579  1.1166024105e-08
3.5000      1.01533016767647   1.01533015702598  1.0650492488e-08
3.5500      1.01457161199224   1.01457160183304  1.0159197927e-08
3.6000      1.01385110262405   1.01385109293309  9.6909558156e-09
3.6500      1.01316668197731   1.01316667273267  9.2446432731e-09
3.7000      1.01251649792928   1.01251648911008  8.8191962622e-09
3.7500      1.01189879769274   1.01189878927913  8.4136062561e-09
3.8000      1.01131192207926   1.01131191405234  8.0269157987e-09
3.8500      1.01075430013212   1.01075429247390  7.6582178377e-09
3.9000      1.01022444410165   1.01022443679500  7.3066503958e-09
3.9500      1.00972094473793   1.00972093776653  6.9713959050e-09
4.0000      1.00924246687802   1.00924246022634  6.6516776531e-09
4.0500      1.00878774530670   1.00878773895994  6.3467582301e-09
4.1000      1.00835558087142   1.00835557481549  6.0559364190e-09
4.1500      1.00794483683380   1.00794483105526  5.7785463081e-09
4.2000      1.00755443544135   1.00755442992739  5.5139548483e-09
4.2500      1.00718335470441   1.00718334944285  5.2615600765e-09
4.3000      1.00683062536450   1.00683062034371  5.0207893398e-09
4.3500      1.00649532804126   1.00649532325016  4.7910981849e-09
4.4000      1.00617659054623   1.00617658597426  4.5719685815e-09
4.4500      1.00587358535258   1.00587358098967  4.3629078128e-09
4.5000      1.00558552721067   1.00558552304722  4.1634466985e-09
4.5500      1.00531167090008   1.00531166692694  3.9731382628e-09
4.6000      1.00505130910955   1.00505130531799  3.7915577344e-09
4.6500      1.00480377043661   1.00480376681831  3.6183001040e-09
4.7000      1.00456841749966   1.00456841404668  3.4529796800e-09
4.7500      1.00434464515536   1.00434464186013  3.2952296447e-09
4.8000      1.00413187881501   1.00413187567031  3.1446996118e-09
4.8500      1.00392957285388   1.00392956985282  3.0010567365e-09
4.9000      1.00373720910782   1.00373720624384  2.8639832728e-09
4.9500      1.00355429545209   1.00355429271892  2.7331765740e-09
5.0000      1.00338036445738   1.00338036184903  2.6083486482e-09
###  max_n |e_n|=2.6969156730e-07