# Time t_n, Numerical sol. X_n, Exact sol. x(t_n), Error e_n
0.0000      0.10000000000000   0.10000000000000  0.0000000000e+00
0.5000      0.14500000000000   0.15482809896025  9.8280989603e-03
1.0000      0.20698750000000   0.23196931668407  2.4981816684e-02
1.5000      0.28905933742188   0.33242786174312  4.3368524321e-02
2.0000      0.39181135585743   0.45085306037928  5.9041704522e-02
2.5000      0.51095896449672   0.57512085136451  6.4161886868e-02
3.0000      0.63589891504530   0.69056785770302  5.4668942658e-02
3.5000      0.75166465749006   0.78630171157068  3.4637054081e-02
4.0000      0.84499710757526   0.85848644975821  1.3489342183e-02
4.5000      0.91048560545761   0.90910663759098  1.3789678666e-03
5.0000      0.95123638931366   0.94282561857401  8.4107707396e-03
###  max_n |e_n|=6.4161886868e-02