# Time t_n, Numerical sol. X_n, Exact sol. x(t_n), Error e_n
0.0000      0.10000000000000   0.10000000000000  0.0000000000e+00
0.0050      0.10045000000000   0.10045090086235  9.0086234827e-07
0.0100      0.10090179898750   0.10090360689755  1.8079100452e-06
0.0150      0.10135540211724   0.10135812327493  2.7211576907e-06
0.0200      0.10181081454014   0.10181445515984  3.6406197059e-06
0.0250      0.10226804140305   0.10227260771338  4.5663103302e-06
0.0300      0.10272708784860   0.10273258609222  5.4982436192e-06
0.0350      0.10318795901496   0.10319439544840  6.4364334414e-06
0.0400      0.10365066003560   0.10365804092908  7.3808934758e-06
0.0450      0.10411519603915   0.10412352767636  8.3316372090e-06
0.0500      0.10458157214912   0.10459086082705  9.2886779327e-06
0.0550      0.10504979348370   0.10506004551244  1.0252028741e-05
0.0600      0.10551986515556   0.10553108685809  1.1221702526e-05
0.0650      0.10599179227163   0.10600398998361  1.2197711979e-05
0.0700      0.10646557993284   0.10647876000242  1.3180069583e-05
0.0750      0.10694123323395   0.10695540202157  1.4168787613e-05
0.0800      0.10741875726329   0.10743392114143  1.5163878132e-05
0.0850      0.10789815710255   0.10791432245554  1.6165352989e-05
0.0900      0.10837943782653   0.10839661105035  1.7173223814e-05
0.0950      0.10886260450295   0.10888079200497  1.8187502019e-05
0.1000      0.10934766219217   0.10936687039096  1.9208198791e-05
0.1050      0.10983461594699   0.10985485127208  2.0235325091e-05
0.1100      0.11032347081243   0.11034473970408  2.1268891653e-05
0.1150      0.11081423182543   0.11083654073441  2.2308908977e-05
0.1200      0.11130690401468   0.11133025940201  2.3355387330e-05
0.1250      0.11180149240035   0.11182590073709  2.4408336741e-05
0.1300      0.11229800199383   0.11232346976083  2.5467766997e-05
0.1350      0.11279643779754   0.11282297148519  2.6533687644e-05
0.1400      0.11329680480463   0.11332441091261  2.7606107980e-05
0.1450      0.11379910799876   0.11382779303582  2.8685037054e-05
0.1500      0.11430335235385   0.11433312283751  2.9770483663e-05
0.1550      0.11480954283382   0.11484040529017  3.0862456348e-05
0.1600      0.11531768439236   0.11534964535575  3.1960963392e-05
0.1650      0.11582778197266   0.11586084798547  3.3066012818e-05
0.1700      0.11633984050714   0.11637401811952  3.4177612382e-05
0.1750      0.11685386491722   0.11688916068680  3.5295769577e-05
0.1800      0.11736986011308   0.11740628060470  3.6420491621e-05
0.1850      0.11788783099333   0.11792538277879  3.7551785462e-05
0.1900      0.11840778244482   0.11844647210259  3.8689657770e-05
0.1950      0.11892971934232   0.11896955345726  3.9834114938e-05
0.2000      0.11945364654832   0.11949463171139  4.0985163073e-05
0.2050      0.11997956891269   0.12002171172069  4.2142808000e-05
0.2100      0.12050749127247   0.12055079832773  4.3307055254e-05
0.2150      0.12103741845157   0.12108189636165  4.4477910078e-05
0.2200      0.12156935526050   0.12161501063793  4.5655377422e-05
0.2250      0.12210330649611   0.12215014595805  4.6839461936e-05
0.2300      0.12263927694131   0.12268730710928  4.8030167972e-05
0.2350      0.12317727136477   0.12322649886435  4.9227499576e-05
0.2400      0.12371729452069   0.12376772598118  5.0431460489e-05
0.2450      0.12425935114848   0.12431099320262  5.1642054141e-05
0.2500      0.12480344597248   0.12485630525613  5.2859283648e-05
0.2550      0.12534958370171   0.12540366685352  5.4083151812e-05
0.2600      0.12589776902955   0.12595308269066  5.5313661115e-05
0.2650      0.12644800663346   0.12650455744718  5.6550813715e-05
0.2700      0.12700030117472   0.12705809578617  5.7794611447e-05
0.2750      0.12755465729810   0.12761370235392  5.9045055816e-05
0.2800      0.12811107963160   0.12817138177960  6.0302147997e-05
0.2850      0.12866957278614   0.12873113867496  6.1565888827e-05
0.2900      0.12923014135526   0.12929297763407  6.2836278809e-05
0.2950      0.12979278991486   0.12985690323297  6.4113318102e-05
0.3000      0.13035752302287   0.13042292002939  6.5397006524e-05
0.3050      0.13092434521894   0.13099103256248  6.6687343543e-05
0.3100      0.13149326102418   0.13156124535246  6.7984328279e-05
0.3150      0.13206427494083   0.13213356290032  6.9287959496e-05
0.3200      0.13263739145195   0.13270798968756  7.0598235604e-05
0.3250      0.13321261502116   0.13328453017581  7.1915154652e-05
0.3300      0.13378995009226   0.13386318880659  7.3238714328e-05
0.3350      0.13436940108899   0.13444397000095  7.4568911953e-05
0.3400      0.13495097241469   0.13502687815917  7.5905744479e-05
0.3450      0.13553466845199   0.13561191766047  7.7249208487e-05
0.3500      0.13612049356248   0.13619909286267  7.8599300182e-05
0.3550      0.13670845208646   0.13678840810185  7.9956015392e-05
0.3600      0.13729854834253   0.13737986769209  8.1319349563e-05
0.3650      0.13789078662736   0.13797347592512  8.2689297757e-05
0.3700      0.13848517121531   0.13856923706996  8.4065854649e-05
0.3750      0.13908170635816   0.13916715537268  8.5449014523e-05
0.3800      0.13968039628473   0.13976723505600  8.6838771270e-05
0.3850      0.14028124520062   0.14036948031901  8.8235118386e-05
0.3900      0.14088425728785   0.14097389533682  8.9638048966e-05
0.3950      0.14148943670453   0.14158048426023  9.1047555701e-05
0.4000      0.14209678758456   0.14218925121544  9.2463630880e-05
0.4050      0.14270631403727   0.14280020030365  9.3886266381e-05
0.4100      0.14331802014713   0.14341333560080  9.5315453672e-05
0.4150      0.14393190997337   0.14402866115717  9.6751183805e-05
0.4200      0.14454798754969   0.14464618099711  9.8193447415e-05
0.4250      0.14516625688392   0.14526589911864  9.9642234717e-05
0.4300      0.14578672195765   0.14588781949315  1.0109753550e-04
0.4350      0.14640938672594   0.14651194606508  1.0255933914e-04
0.4400      0.14703425511697   0.14713828275152  1.0402763456e-04
0.4450      0.14766133103166   0.14776683344192  1.0550241026e-04
0.4500      0.14829061834341   0.14839760199773  1.0698365432e-04
0.4550      0.14892212089768   0.14903059225206  1.0847135437e-04
0.4600      0.14955584251171   0.14966580800931  1.0996549760e-04
0.4650      0.15019178697412   0.15030325304487  1.1146607075e-04
0.4700      0.15082995804462   0.15094293110473  1.1297306011e-04
0.4750      0.15147035945362   0.15158484590517  1.1448645155e-04
0.4800      0.15211299490193   0.15222900113238  1.1600623046e-04
0.4850      0.15275786806034   0.15287540044212  1.1753238178e-04
0.4900      0.15340498256937   0.15352404745936  1.1906488999e-04
0.4950      0.15405434203884   0.15417494577795  1.2060373912e-04
0.5000      0.15470595004753   0.15482809896025  1.2214891273e-04
0.5050      0.15535981014286   0.15548351053678  1.2370039391e-04
0.5100      0.15601592584054   0.15614118400584  1.2525816530e-04
0.5150      0.15667430062416   0.15680112283320  1.2682220904e-04
0.5200      0.15733493794490   0.15746333045171  1.2839250681e-04
0.5250      0.15799784122114   0.15812781026096  1.2996903982e-04
0.5300      0.15866301383809   0.15879456562689  1.3155178880e-04
0.5350      0.15933045914748   0.15946359988145  1.3314073398e-04
0.5400      0.16000018046716   0.16013491632227  1.3473585512e-04
0.5450      0.16067218108074   0.16080851821223  1.3633713149e-04
0.5500      0.16134646423728   0.16148440877915  1.3794454187e-04
0.5550      0.16202303315086   0.16216259121542  1.3955806456e-04
0.5600      0.16270189100026   0.16284306867760  1.4117767734e-04
0.5650      0.16338304092858   0.16352584428610  1.4280335752e-04
0.5700      0.16406648604291   0.16421092112480  1.4443508189e-04
0.5750      0.16475222941391   0.16489830224065  1.4607282674e-04
0.5800      0.16544027407550   0.16558799064337  1.4771656787e-04
0.5850      0.16613062302444   0.16627998930501  1.4936628057e-04
0.5900      0.16682327922003   0.16697430115964  1.5102193960e-04
0.5950      0.16751824558368   0.16767092910293  1.5268351924e-04
0.6000      0.16821552499859   0.16836987599182  1.5435099324e-04
0.6050      0.16891512030933   0.16907114464415  1.5602433482e-04
0.6100      0.16961703432153   0.16977473783825  1.5770351672e-04
0.6150      0.17032126980147   0.17048065831260  1.5938851112e-04
0.6200      0.17102782947575   0.17118890876546  1.6107928971e-04
0.6250      0.17173671603085   0.17189949185449  1.6277582364e-04
0.6300      0.17244793211284   0.17261241019637  1.6447808353e-04
0.6350      0.17316148032695   0.17332766636643  1.6618603948e-04
0.6400      0.17387736323724   0.17404526289830  1.6789966106e-04
0.6450      0.17459558336620   0.17476520228350  1.6961891730e-04
0.6500      0.17531614319437   0.17548748697108  1.7134377671e-04
0.6550      0.17603904516002   0.17621211936727  1.7307420725e-04
0.6600      0.17676429165872   0.17693910183506  1.7481017634e-04
0.6650      0.17749188504298   0.17766843669387  1.7655165089e-04
0.6700      0.17822182762192   0.17840012621915  1.7829859723e-04
0.6750      0.17895412166082   0.17913417264199  1.8005098117e-04
0.6800      0.17968876938083   0.17987057814879  1.8180876796e-04
0.6850      0.18042577295853   0.18060934488086  1.8357192233e-04
0.6900      0.18116513452558   0.18135047493401  1.8534040843e-04
0.6950      0.18190685616837   0.18209397035826  1.8711418989e-04
0.7000      0.18265093992761   0.18283983315737  1.8889322977e-04
0.7050      0.18339738779796   0.18358806528854  1.9067749057e-04
0.7100      0.18414620172770   0.18433866866197  1.9246693427e-04
0.7150      0.18489738361828   0.18509164514055  1.9426152226e-04
0.7200      0.18565093532403   0.18584699653943  1.9606121540e-04
0.7250      0.18640685865172   0.18660472462568  1.9786597397e-04
0.7300      0.18716515536021   0.18736483111791  1.9967575770e-04
0.7350      0.18792582716011   0.18812731768587  2.0149052577e-04
0.7400      0.18868887571334   0.18889218595012  2.0331023678e-04
0.7450      0.18945430263282   0.18965943748160  2.0513484878e-04
0.7500      0.19022210948205   0.19042907380131  2.0696431926e-04
0.7550      0.19099229777478   0.19120109637991  2.0879860513e-04
0.7600      0.19176486897461   0.19197550663737  2.1063766276e-04
0.7650      0.19253982449462   0.19275230594254  2.1248144792e-04
0.7700      0.19331716569701   0.19353149561286  2.1432991585e-04
0.7750      0.19409689389273   0.19431307691392  2.1618302119e-04
0.7800      0.19487901034110   0.19509705105913  2.1804071804e-04
0.7850      0.19566351624945   0.19588341920934  2.1990295990e-04
0.7900      0.19645041277274   0.19667218247246  2.2176969972e-04
0.7950      0.19723970101321   0.19746334190310  2.2364088989e-04
0.8000      0.19803138202000   0.19825689850220  2.2551648221e-04
0.8050      0.19882545678877   0.19905285321668  2.2739642791e-04
0.8100      0.19962192626138   0.19985120693903  2.2928067765e-04
0.8150      0.20042079132546   0.20065196050700  2.3116918154e-04
0.8200      0.20122205281411   0.20145511470319  2.3306188908e-04
0.8250      0.20202571150549   0.20226067025472  2.3495874923e-04
0.8300      0.20283176812247   0.20306862783283  2.3685971035e-04
0.8350      0.20364022333229   0.20387898805255  2.3876472026e-04
0.8400      0.20445107774615   0.20469175147234  2.4067372619e-04
0.8450      0.20526433191893   0.20550691859371  2.4258667478e-04
0.8500      0.20607998634873   0.20632448986086  2.4450351213e-04
0.8550      0.20689804147661   0.20714446566036  2.4642418375e-04
0.8600      0.20771849768616   0.20796684632074  2.4834863459e-04
0.8650      0.20854135530318   0.20879163211218  2.5027680900e-04
0.8700      0.20936661459534   0.20961882324612  2.5220865079e-04
0.8750      0.21019427577178   0.21044841987496  2.5414410318e-04
0.8800      0.21102433898280   0.21128042209164  2.5608310884e-04
0.8850      0.21185680431950   0.21211482992935  2.5802560985e-04
0.8900      0.21269167181342   0.21295164336114  2.5997154772e-04
0.8950      0.21352894143619   0.21379086229961  2.6192086342e-04
0.9000      0.21436861309922   0.21463248659653  2.6387349731e-04
0.9050      0.21521068665330   0.21547651604253  2.6582938923e-04
0.9100      0.21605516188832   0.21632295036672  2.6778847840e-04
0.9150      0.21690203853287   0.21717178923639  2.6975070353e-04
0.9200      0.21775131625393   0.21802303225666  2.7171600272e-04
0.9250      0.21860299465655   0.21887667897010  2.7368431354e-04
0.9300      0.21945707328347   0.21973272885646  2.7565557299e-04
0.9350      0.22031355161482   0.22059118133231  2.7762971749e-04
0.9400      0.22117242906777   0.22145203575070  2.7960668293e-04
0.9450      0.22203370499621   0.22231529140083  2.8158640463e-04
0.9500      0.22289737869041   0.22318094750775  2.8356881734e-04
0.9550      0.22376344937673   0.22404900323201  2.8555385528e-04
0.9600      0.22463191621723   0.22491945766932  2.8754145209e-04
0.9650      0.22550277830940   0.22579230985029  2.8953154089e-04
0.9700      0.22637603468582   0.22666755874005  2.9152405423e-04
0.9750      0.22725168431385   0.22754520323797  2.9351892412e-04
0.9800      0.22812972609530   0.22842524217731  2.9551608201e-04
0.9850      0.22901015886614   0.22930767432497  2.9751545883e-04
0.9900      0.22989298139615   0.23019249838110  2.9951698495e-04
0.9950      0.23077819238865   0.23107971297885  3.0152059020e-04
1.0000      0.23166579048018   0.23196931668407  3.0352620389e-04
1.0050      0.23255577424019   0.23286130799497  3.0553375478e-04
1.0100      0.23344814217073   0.23375568534183  3.0754317110e-04
1.0150      0.23434289270617   0.23465244708671  3.0955438055e-04
1.0200      0.23524002421289   0.23555159152319  3.1156731030e-04
1.0250      0.23613953498900   0.23645311687601  3.1358188701e-04
1.0300      0.23704142326402   0.23735702130082  3.1559803681e-04
1.0350      0.23794568719862   0.23826330288391  3.1761568529e-04
1.0400      0.23885232488433   0.23917195964188  3.1963475755e-04
1.0450      0.23976133434324   0.24008298952141  3.2165517817e-04
1.0500      0.24067271352773   0.24099639039894  3.2367687121e-04
1.0550      0.24158646032018   0.24191216008042  3.2569976024e-04
1.0600      0.24250257253273   0.24283029630103  3.2772376830e-04
1.0650      0.24342104790697   0.24375079672493  3.2974881796e-04
1.0700      0.24434188411369   0.24467365894495  3.3177483126e-04
1.0750      0.24526507875259   0.24559888048237  3.3380172978e-04
1.0800      0.24619062935208   0.24652645878665  3.3582943457e-04
1.0850      0.24711853336893   0.24745639123517  3.3785786624e-04
1.0900      0.24804878818811   0.24838867513297  3.3988694487e-04
1.0950      0.24898139112244   0.24932330771253  3.4191659009e-04
1.1000      0.24991633941243   0.25026028613346  3.4394672104e-04
1.1050      0.25085363022596   0.25119960748236  3.4597725640e-04
1.1100      0.25179326065810   0.25214126877247  3.4800811437e-04
1.1150      0.25273522773083   0.25308526694353  3.5003921270e-04
1.1200      0.25367952839280   0.25403159886147  3.5207046866e-04
1.1250      0.25462615951914   0.25498026131823  3.5410179909e-04
1.1300      0.25557511791118   0.25593125103154  3.5613312036e-04
1.1350      0.25652640029626   0.25688456464466  3.5816434841e-04
1.1400      0.25748000332749   0.25784019872620  3.6019539870e-04
1.1450      0.25843592358356   0.25879814976987  3.6222618631e-04
1.1500      0.25939415756849   0.25975841419433  3.6425662584e-04
1.1550      0.26035470171143   0.26072098834292  3.6628663149e-04
1.1600      0.26131755236647   0.26168586848348  3.6831611702e-04
1.1650      0.26228270581243   0.26265305080820  3.7034499577e-04
1.1700      0.26325015825265   0.26362253143334  3.7237318069e-04
1.1750      0.26421990581481   0.26459430639911  3.7440058430e-04
1.1800      0.26519194455074   0.26556837166946  3.7642711872e-04
1.1850      0.26616627043622   0.26654472313190  3.7845269568e-04
1.1900      0.26714287937081   0.26752335659733  3.8047722652e-04
1.1950      0.26812176717767   0.26850426779985  3.8250062217e-04
1.2000      0.26910292960339   0.26948745239660  3.8452279321e-04
1.2050      0.27008636231780   0.27047290596763  3.8654364983e-04
1.2100      0.27107206091384   0.27146062401568  3.8856310184e-04
1.2150      0.27206002090737   0.27245060196606  3.9058105869e-04
1.2200      0.27305023773702   0.27344283516652  3.9259742949e-04
1.2250      0.27404270676407   0.27443731888705  3.9461212298e-04
1.2300      0.27503742327224   0.27543404831979  3.9662504756e-04
1.2350      0.27603438246760   0.27643301857887  3.9863611128e-04
1.2400      0.27703357947841   0.27743422470027  4.0064522186e-04
1.2450      0.27803500935501   0.27843766164171  4.0265228670e-04
1.2500      0.27903866706965   0.27944332428252  4.0465721286e-04
1.2550      0.28004454751640   0.28045120742352  4.0665990712e-04
1.2600      0.28105264551101   0.28146130578692  4.0866027590e-04
1.2650      0.28206295579083   0.28247361401619  4.1065822537e-04
1.2700      0.28307547301463   0.28348812667599  4.1265366136e-04
1.2750      0.28409019176259   0.28450483825203  4.1464648944e-04
1.2800      0.28510710653613   0.28552374315101  4.1663661489e-04
1.2850      0.28612621175782   0.28654483570052  4.1862394270e-04
1.2900      0.28714750177134   0.28756811014894  4.2060837761e-04
1.2950      0.28817097084132   0.28859356066542  4.2258982409e-04
1.3000      0.28919661315335   0.28962118133972  4.2456818637e-04
1.3050      0.29022442281382   0.29065096618222  4.2654336840e-04
1.3100      0.29125439384990   0.29168290912383  4.2851527393e-04
1.3150      0.29228652020947   0.29271700401591  4.3048380644e-04
1.3200      0.29332079576104   0.29375324463025  4.3244886921e-04
1.3250      0.29435721429371   0.29479162465901  4.3441036530e-04
1.3300      0.29539576951715   0.29583213771470  4.3636819755e-04
1.3350      0.29643645506149   0.29687477733009  4.3832226860e-04
1.3400      0.29747926447735   0.29791953695824  4.4027248090e-04
1.3450      0.29852419123577   0.29896640997246  4.4221873670e-04
1.3500      0.29957122872818   0.30001538966626  4.4416093808e-04
1.3550      0.30062037026641   0.30106646925337  4.4609898696e-04
1.3600      0.30167160908265   0.30211964186772  4.4803278507e-04
1.3650      0.30272493832943   0.30317490056343  4.4996223400e-04
1.3700      0.30378035107964   0.30423223831485  4.5188723520e-04
1.3750      0.30483784032653   0.30529164801650  4.5380768997e-04
1.3800      0.30589739898369   0.30635312248315  4.5572349946e-04
1.3850      0.30695901988508   0.30741665444982  4.5763456474e-04
1.3900      0.30802269578506   0.30848223657180  4.5954078673e-04
1.3950      0.30908841935840   0.30954986142466  4.6144206626e-04
1.4000      0.31015618320028   0.31061952150433  4.6333830405e-04
1.4050      0.31122597982640   0.31169120922714  4.6522940075e-04
1.4100      0.31229780167293   0.31276491692984  4.6711525690e-04
1.4150      0.31337164109665   0.31384063686966  4.6899577301e-04
1.4200      0.31444749037491   0.31491836122439  4.7087084948e-04
1.4250      0.31552534170577   0.31599808209245  4.7274038668e-04
1.4300      0.31660518720801   0.31707979149294  4.7460428493e-04
1.4350      0.31768701892121   0.31816348136574  4.7646244453e-04
1.4400      0.31877082880587   0.31924914357158  4.7831476572e-04
1.4450      0.31985660874341   0.32033676989214  4.8016114874e-04
1.4500      0.32094435053634   0.32142635203015  4.8200149381e-04
1.4550      0.32203404590832   0.32251788160948  4.8383570116e-04
1.4600      0.32312568650424   0.32361135017526  4.8566367103e-04
1.4650      0.32421926389036   0.32470674919402  4.8748530365e-04
1.4700      0.32531476955443   0.32580407005375  4.8930049932e-04
1.4750      0.32641219490575   0.32690330406408  4.9110915833e-04
1.4800      0.32751153127536   0.32800444245641  4.9291118105e-04
1.4850      0.32861276991615   0.32910747638403  4.9470646788e-04
1.4900      0.32971590200297   0.33021239692227  4.9649491930e-04
1.4950      0.33082091863281   0.33131919506867  4.9827643585e-04
1.5000      0.33192781082495   0.33242786174312  5.0005091817e-04
1.5050      0.33303656952108   0.33353838778804  5.0181826696e-04
1.5100      0.33414718558550   0.33465076396856  5.0357838306e-04
1.5150      0.33525964980525   0.33576498097264  5.0533116739e-04
1.5200      0.33637395289034   0.33688102941135  5.0707652101e-04
1.5250      0.33749008547387   0.33799889981898  5.0881434510e-04
1.5300      0.33860803811228   0.33911858265326  5.1054454098e-04
1.5350      0.33972780128547   0.34024006829559  5.1226701013e-04
1.5400      0.34084936539706   0.34136334705123  5.1398165416e-04
1.5450      0.34197272077459   0.34248840914948  5.1568837489e-04
1.5500      0.34309785766969   0.34361524474398  5.1738707429e-04
1.5550      0.34422476625836   0.34474384391288  5.1907765452e-04
1.5600      0.34535343664112   0.34587419665907  5.2076001795e-04
1.5650      0.34648385884333   0.34700629291048  5.2243406716e-04
1.5700      0.34761602281535   0.34814012252027  5.2409970492e-04
1.5750      0.34874991843283   0.34927567526710  5.2575683427e-04
1.5800      0.34988553549696   0.35041294085541  5.2740535844e-04
1.5850      0.35102286373470   0.35155190891565  5.2904518096e-04
1.5900      0.35216189279905   0.35269256900461  5.3067620556e-04
1.5950      0.35330261226935   0.35383491060563  5.3229833629e-04
1.6000      0.35444501165151   0.35497892312895  5.3391147744e-04
1.6050      0.35558908037835   0.35612459591195  5.3551553361e-04
1.6100      0.35673480780982   0.35727191821950  5.3711040968e-04
1.6150      0.35788218323335   0.35842087924420  5.3869601085e-04
1.6200      0.35903119586414   0.35957146810677  5.4027224263e-04
1.6250      0.36018183484544   0.36072367385630  5.4183901086e-04
1.6300      0.36133408924890   0.36187748547062  5.4339622172e-04
1.6350      0.36248794807488   0.36303289185660  5.4494378172e-04
1.6400      0.36364340025276   0.36418988185051  5.4648159775e-04
1.6450      0.36480043464128   0.36534844421834  5.4800957706e-04
1.6500      0.36595904002892   0.36650856765617  5.4952762726e-04
1.6550      0.36711920513417   0.36767024079053  5.5103565636e-04
1.6600      0.36828091860595   0.36883345217873  5.5253357278e-04
1.6650      0.36944416902393   0.36999819030925  5.5402128532e-04
1.6700      0.37060894489892   0.37116444360214  5.5549870321e-04
1.6750      0.37177523467322   0.37233220040934  5.5696573612e-04
1.6800      0.37294302672101   0.37350144901513  5.5842229412e-04
1.6850      0.37411230934871   0.37467217763648  5.5986828776e-04
1.6900      0.37528307079542   0.37584437442346  5.6130362804e-04
1.6950      0.37645529923327   0.37701802745967  5.6272822640e-04
1.7000      0.37762898276784   0.37819312476263  5.6414199479e-04
1.7050      0.37880410943854   0.37936965428417  5.6554484563e-04
1.7100      0.37998066721910   0.38054760391093  5.6693669183e-04
1.7150      0.38115864401789   0.38172696146471  5.6831744681e-04
1.7200      0.38233802767843   0.38290771470295  5.6968702452e-04
1.7250      0.38351880597978   0.38408985131917  5.7104533939e-04
1.7300      0.38470096663698   0.38527335894342  5.7239230644e-04
1.7350      0.38588449730151   0.38645822514271  5.7372784120e-04
1.7400      0.38706938556173   0.38764443742148  5.7505185976e-04
1.7450      0.38825561894334   0.38883198322210  5.7636427876e-04
1.7500      0.38944318490985   0.39002084992529  5.7766501544e-04
1.7550      0.39063207086304   0.39121102485064  5.7895398760e-04
1.7600      0.39182226414342   0.39240249525706  5.8023111364e-04
1.7650      0.39301375203074   0.39359524834331  5.8149631256e-04
1.7700      0.39420652174447   0.39478927124844  5.8274950397e-04
1.7750      0.39540056044426   0.39598455105235  5.8399060808e-04
1.7800      0.39659585523049   0.39718107477625  5.8521954577e-04
1.7850      0.39779239314471   0.39837882938322  5.8643623851e-04
1.7900      0.39899016117021   0.39957780177866  5.8764060845e-04
1.7950      0.40018914623251   0.40077797881090  5.8883257839e-04
1.8000      0.40138933519986   0.40197934727164  5.9001207177e-04
1.8050      0.40259071488380   0.40318189389655  5.9117901275e-04
1.8100      0.40379327203967   0.40438560536580  5.9233332613e-04
1.8150      0.40499699336714   0.40559046830456  5.9347493742e-04
1.8200      0.40620186551079   0.40679646928362  5.9460377283e-04
1.8250      0.40740787506063   0.40800359481990  5.9571975927e-04
1.8300      0.40861500855262   0.40921183137701  5.9682282439e-04
1.8350      0.40982325246931   0.41042116536585  5.9791289653e-04
1.8400      0.41103259324034   0.41163158314514  5.9898990481e-04
1.8450      0.41224301724301   0.41284307102205  6.0005377904e-04
1.8500      0.41345451080290   0.41405561525273  6.0110444984e-04
1.8550      0.41466706019439   0.41526920204293  6.0214184854e-04
1.8600      0.41588065164132   0.41648381754857  6.0316590726e-04
1.8650      0.41709527131747   0.41769944787638  6.0417655890e-04
1.8700      0.41831090534728   0.41891607908443  6.0517373715e-04
1.8750      0.41952753980636   0.42013369718282  6.0615737646e-04
1.8800      0.42074516072211   0.42135228813423  6.0712741212e-04
1.8850      0.42196375407437   0.42257183785457  6.0808378021e-04
1.8900      0.42318330579597   0.42379233221359  6.0902641761e-04
1.8950      0.42440380177343   0.42501375703549  6.0995526206e-04
1.9000      0.42562522784750   0.42623609809960  6.1087025210e-04
1.9050      0.42684756981384   0.42745934114096  6.1177132712e-04
1.9100      0.42807081342363   0.42868347185099  6.1265842736e-04
1.9150      0.42929494438422   0.42990847587813  6.1353149391e-04
1.9200      0.43051994835977   0.43113433882850  6.1439046872e-04
1.9250      0.43174581097189   0.43236104626651  6.1523529462e-04
1.9300      0.43297251780029   0.43358858371557  6.1606591528e-04
1.9350      0.43420005438344   0.43481693665873  6.1688227529e-04
1.9400      0.43542840621923   0.43604609053934  6.1768432011e-04
1.9450      0.43665755876561   0.43727603076172  6.1847199611e-04
1.9500      0.43788749744130   0.43850674269184  6.1924525053e-04
1.9550      0.43911820762643   0.43973821165799  6.2000403156e-04
1.9600      0.44034967466322   0.44097042295150  6.2074828828e-04
1.9650      0.44158188385665   0.44220336182735  6.2147797069e-04
1.9700      0.44281482047519   0.44343701350492  6.2219302973e-04
1.9750      0.44404846975140   0.44467136316867  6.2289341727e-04
1.9800      0.44528281688271   0.44590639596882  6.2357908611e-04
1.9850      0.44651784703207   0.44714209702208  6.2424999001e-04
1.9900      0.44775354532864   0.44837845141231  6.2490608367e-04
1.9950      0.44898989686851   0.44961544419126  6.2554732275e-04
2.0000      0.45022688671540   0.45085306037928  6.2617366388e-04
2.0050      0.45146449990137   0.45209128496602  6.2678506465e-04
2.0100      0.45270272142753   0.45333010291115  6.2738148363e-04
2.0150      0.45394153626472   0.45456949914508  6.2796288036e-04
2.0200      0.45518092935432   0.45580945856968  6.2852921537e-04
2.0250      0.45642088560885   0.45704996605902  6.2908045017e-04
2.0300      0.45766138991279   0.45829100646008  6.2961654729e-04
2.0350      0.45890242712327   0.45953256459349  6.3013747022e-04
2.0400      0.46014398207079   0.46077462525427  6.3064318348e-04
2.0450      0.46138603955996   0.46201717321256  6.3113365260e-04
2.0500      0.46262858437026   0.46326019321435  6.3160884409e-04
2.0550      0.46387160125673   0.46450366998224  6.3206872551e-04
2.0600      0.46511507495075   0.46574758821618  6.3251326543e-04
2.0650      0.46635899016077   0.46699193259422  6.3294243344e-04
2.0700      0.46760333157306   0.46823668777322  6.3335620016e-04
2.0750      0.46884808385243   0.46948183838968  6.3375453725e-04
2.0800      0.47009323164303   0.47072736906042  6.3413741738e-04
2.0850      0.47133875956906   0.47197326438336  6.3450481430e-04
2.0900      0.47258465223555   0.47321950893831  6.3485670276e-04
2.0950      0.47383089422908   0.47446608728766  6.3519305858e-04
2.1000      0.47507747011860   0.47571298397723  6.3551385863e-04
2.1050      0.47632436445612   0.47696018353694  6.3581908082e-04
2.1100      0.47757156177753   0.47820767048165  6.3610870412e-04
2.1150      0.47881904660332   0.47945542931188  6.3638270855e-04
2.1200      0.48006680343939   0.48070344451461  6.3664107522e-04
2.1250      0.48131481677776   0.48195170056402  6.3688378625e-04
2.1300      0.48256307109740   0.48320018192228  6.3711082487e-04
2.1350      0.48381155086496   0.48444887304032  6.3732217536e-04
2.1400      0.48506024053553   0.48569775835860  6.3751782307e-04
2.1450      0.48630912455347   0.48694682230788  6.3769775441e-04
2.1500      0.48755818735311   0.48819604930999  6.3786195688e-04
2.1550      0.48880741335960   0.48944542377864  6.3801041904e-04
2.1600      0.49005678698962   0.49069493012016  6.3814313054e-04
2.1650      0.49130629265220   0.49194455273428  6.3826008208e-04
2.1700      0.49255591474946   0.49319427601494  6.3836126548e-04
2.1750      0.49380563767744   0.49444408435103  6.3844667360e-04
2.1800      0.49505544582681   0.49569396212720  6.3851630039e-04
2.1850      0.49630532358373   0.49694389372463  6.3857014090e-04
2.1900      0.49755525533056   0.49819386352181  6.3860819124e-04
2.1950      0.49880522544668   0.49944385589530  6.3863044861e-04
2.2000      0.50005521830925   0.50069385522055  6.3863691130e-04
2.2050      0.50130521829401   0.50194384587267  6.3862757866e-04
2.2100      0.50255520977603   0.50319381222718  6.3860245114e-04
2.2150      0.50380517713055   0.50444373866083  6.3856153028e-04
2.2200      0.50505510473368   0.50569360955237  6.3850481869e-04
2.2250      0.50630497696326   0.50694340928331  6.3843232005e-04
2.2300      0.50755477819959   0.50819312223874  6.3834403915e-04
2.2350      0.50880449282622   0.50944273280807  6.3823998184e-04
2.2400      0.51005410523075   0.51069222538582  6.3812015507e-04
2.2450      0.51130359980559   0.51194158437243  6.3798456684e-04
2.2500      0.51255296094875   0.51319079417500  6.3783322626e-04
2.2550      0.51380217306461   0.51443983920809  6.3766614349e-04
2.2600      0.51505122056470   0.51568870389449  6.3748332979e-04
2.2650      0.51630008786850   0.51693737266597  6.3728479747e-04
2.2700      0.51754875940417   0.51818582996412  6.3707055995e-04
2.2750      0.51879721960939   0.51943406024107  6.3684063168e-04
2.2800      0.52004545293207   0.52068204796027  6.3659502820e-04
2.2850      0.52129344383115   0.52192977759727  6.3633376612e-04
2.2900      0.52254117677740   0.52317723364051  6.3605686311e-04
2.2950      0.52378863625415   0.52442440059205  6.3576433790e-04
2.3000      0.52503580675807   0.52567126296837  6.3545621030e-04
2.3050      0.52628267279997   0.52691780530111  6.3513250114e-04
2.3100      0.52752921890552   0.52816401213788  6.3479323235e-04
2.3150      0.52877542961606   0.52940986804294  6.3443842688e-04
2.3200      0.53002128948931   0.53065535759806  6.3406810875e-04
2.3250      0.53126678310020   0.53190046540322  6.3368230302e-04
2.3300      0.53251189504157   0.53314517607736  6.3328103579e-04
2.3350      0.53375660992497   0.53438947425917  6.3286433420e-04
2.3400      0.53500091238140   0.53563334460784  6.3243222644e-04
2.3450      0.53624478706207   0.53687677180378  6.3198474171e-04
2.3500      0.53748821863912   0.53811974054940  6.3152191028e-04
2.3550      0.53873119180644   0.53936223556983  6.3104376339e-04
2.3600      0.53997369128034   0.54060424161370  6.3055033336e-04
2.3650      0.54121570180037   0.54184574345385  6.3004165348e-04
2.3700      0.54245720813000   0.54308672588808  6.2951775809e-04
2.3750      0.54369819505739   0.54432717373990  6.2897868251e-04
2.3800      0.54493864739613   0.54556707185922  6.2842446309e-04
2.3850      0.54617854998598   0.54680640512315  6.2785513717e-04
2.3900      0.54741788769359   0.54804515843666  6.2727074308e-04
2.3950      0.54865664541322   0.54928331673336  6.2667132015e-04
2.4000      0.54989480806750   0.55052086497619  6.2605690868e-04
2.4050      0.55113236060814   0.55175778815813  6.2542754999e-04
2.4100      0.55236928801664   0.55299407130296  6.2478328632e-04
2.4150      0.55360557530500   0.55422969946594  6.2412416094e-04
2.4200      0.55484120751648   0.55546465773451  6.2345021803e-04
2.4250      0.55607616972627   0.55669893122903  6.2276150276e-04
2.4300      0.55731044704222   0.55793250510347  6.2205806126e-04
2.4350      0.55854402460552   0.55916536454610  6.2133994059e-04
2.4400      0.55977688759143   0.56039749478018  6.2060718875e-04
2.4450      0.56100902120998   0.56162888106468  6.1985985470e-04
2.4500      0.56224041070664   0.56285950869495  6.1909798832e-04
2.4550      0.56347104136301   0.56408936300340  6.1832164039e-04
2.4600      0.56470089849755   0.56531842936020  6.1753086264e-04
2.4650      0.56592996746622   0.56654669317393  6.1672570771e-04
2.4700      0.56715823366317   0.56777413989229  6.1590622912e-04
2.4750      0.56838568252143   0.56900075500273  6.1507248130e-04
2.4800      0.56961229951356   0.57022652403315  6.1422451959e-04
2.4850      0.57083807015234   0.57145143255253  6.1336240019e-04
2.4900      0.57206297999142   0.57267546617161  6.1248618019e-04
2.4950      0.57328701462600   0.57389861054354  6.1159591754e-04
2.5000      0.57451015969343   0.57512085136451  6.1069167108e-04
2.5050      0.57573240087395   0.57634217437442  6.0977350048e-04
2.5100      0.57695372389124   0.57756256535750  6.0884146626e-04
2.5150      0.57817411451313   0.57878201014293  6.0789562980e-04
2.5200      0.57939355855223   0.58000049460554  6.0693605331e-04
2.5250      0.58061204186653   0.58121800466634  6.0596279980e-04
2.5300      0.58182955036006   0.58243452629321  6.0497593315e-04
2.5350      0.58304606998350   0.58365004550151  6.0397551800e-04
2.5400      0.58426158673481   0.58486454835464  6.0296161983e-04
2.5450      0.58547608665981   0.58607802096471  6.0193430490e-04
2.5500      0.58668955585286   0.58729044949311  6.0089364025e-04
2.5550      0.58790198045739   0.58850182015111  5.9983969372e-04
2.5600      0.58911334666655   0.58971211920046  5.9877253392e-04
2.5650      0.59032364072377   0.59092133295397  5.9769223019e-04
2.5700      0.59153284892341   0.59212944777608  5.9659885268e-04
2.5750      0.59274095761125   0.59333645008348  5.9549247223e-04
2.5800      0.59394795318515   0.59454232634562  5.9437316046e-04
2.5850      0.59515382209562   0.59574706308533  5.9324098971e-04
2.5900      0.59635855084632   0.59695064687935  5.9209603303e-04
2.5950      0.59756212599471   0.59815306435890  5.9093836419e-04
2.6000      0.59876453415257   0.59935430221022  5.8976805765e-04
2.6050      0.59996576198654   0.60055434717514  5.8858518860e-04
2.6100      0.60116579621869   0.60175318605158  5.8738983289e-04
2.6150      0.60236462362707   0.60295080569411  5.8618206704e-04
2.6200      0.60356223104621   0.60414719301448  5.8496196826e-04
2.6250      0.60475860536772   0.60534233498213  5.8372961441e-04
2.6300      0.60595373354073   0.60653621862472  5.8248508400e-04
2.6350      0.60714760257247   0.60772883102864  5.8122845617e-04
2.6400      0.60834019952878   0.60892015933950  5.7995981072e-04
2.6450      0.60953151153461   0.61011019076266  5.7867922804e-04
2.6500      0.61072152577452   0.61129891256369  5.7738678917e-04
2.6550      0.61191022949317   0.61248631206888  5.7608257571e-04
2.6600      0.61309760999584   0.61367237666574  5.7476666989e-04
2.6650      0.61428365464891   0.61485709380343  5.7343915452e-04
2.6700      0.61546835088031   0.61604045099328  5.7210011297e-04
2.6750      0.61665168618004   0.61722243580922  5.7074962919e-04
2.6800      0.61783364810059   0.61840303588827  5.6938778768e-04
2.6850      0.61901422425747   0.61958223893096  5.6801467349e-04
2.6900      0.62019340232959   0.62076003270181  5.6663037221e-04
2.6950      0.62137117005977   0.62193640502974  5.6523496996e-04
2.7000      0.62254751525516   0.62311134380854  5.6382855337e-04
2.7050      0.62372242578769   0.62428483699727  5.6241120958e-04
2.7100      0.62489588959447   0.62545687262071  5.6098302624e-04
2.7150      0.62606789467829   0.62662743876975  5.5954409147e-04
2.7200      0.62723842910794   0.62779652360182  5.5809449388e-04
2.7250      0.62840748101873   0.62896411534129  5.5663432256e-04
2.7300      0.62957503861283   0.63013020227986  5.5516366704e-04
2.7350      0.63074109015967   0.63129477277698  5.5368261731e-04
2.7400      0.63190562399639   0.63245781526019  5.5219126380e-04
2.7450      0.63306862852818   0.63361931822555  5.5068969737e-04
2.7500      0.63423009222869   0.63477927023798  5.4917800929e-04
2.7550      0.63539000364039   0.63593765993165  5.4765629126e-04
2.7600      0.63654835137496   0.63709447601033  5.4612463537e-04
2.7650      0.63770512411364   0.63824970724773  5.4458313409e-04
2.7700      0.63886031060761   0.63940334248788  5.4303188027e-04
2.7750      0.64001389967830   0.64055537064546  5.4147096716e-04
2.7800      0.64116588021778   0.64170578070613  5.3990048834e-04
2.7850      0.64231624118909   0.64285456172685  5.3832053775e-04
2.7900      0.64346497162656   0.64400170283624  5.3673120968e-04
2.7950      0.64461206063614   0.64514719323486  5.3513259872e-04
2.8000      0.64575749739574   0.64629102219555  5.3352479981e-04
2.8050      0.64690127115550   0.64743317906371  5.3190790820e-04
2.8100      0.64804337123817   0.64857365325759  5.3028201943e-04
2.8150      0.64918378703933   0.64971243426865  5.2864722932e-04
2.8200      0.65032250802775   0.65084951166174  5.2700363399e-04
2.8250      0.65145952374565   0.65198487507548  5.2535132982e-04
2.8300      0.65259482380899   0.65311851422245  5.2369041346e-04
2.8350      0.65372839790772   0.65425041888952  5.2202098180e-04
2.8400      0.65486023580610   0.65538057893808  5.2034313198e-04
2.8450      0.65599032734293   0.65650898430429  5.1865696135e-04
2.8500      0.65711866243181   0.65763562499933  5.1696256752e-04
2.8550      0.65824523106139   0.65876049110965  5.1526004826e-04
2.8600      0.65937002329562   0.65988357279721  5.1354950159e-04
2.8650      0.66049302927399   0.66100486029968  5.1183102569e-04
2.8700      0.66161423921177   0.66212434393070  5.1010471893e-04
2.8750      0.66273364340019   0.66324201408005  5.0837067986e-04
2.8800      0.66385123220672   0.66435786121389  5.0662900718e-04
2.8850      0.66496699607524   0.66547187587498  5.0487979974e-04
2.8900      0.66608092552627   0.66658404868282  5.0312315656e-04
2.8950      0.66719301115715   0.66769437033390  5.0135917675e-04
2.9000      0.66830324364225   0.66880283160182  4.9958795957e-04
2.9050      0.66941161373315   0.66990942333755  4.9780960440e-04
2.9100      0.67051811225881   0.67101413646951  4.9602421070e-04
2.9150      0.67162273012577   0.67211696200382  4.9423187805e-04
2.9200      0.67272545831829   0.67321789102438  4.9243270609e-04
2.9250      0.67382628789853   0.67431691469308  4.9062679455e-04
2.9300      0.67492521000671   0.67541402424993  4.8881424322e-04
2.9350      0.67602221586123   0.67650921101319  4.8699515196e-04
2.9400      0.67711729675885   0.67760246637950  4.8516962065e-04
2.9450      0.67821044407479   0.67869378182403  4.8333774924e-04
2.9500      0.67930164926290   0.67978314890059  4.8149963769e-04
2.9550      0.68039090385576   0.68087055924174  4.7965538597e-04
2.9600      0.68147819946479   0.68195600455888  4.7780509409e-04
2.9650      0.68256352778039   0.68303947664242  4.7594886203e-04
2.9700      0.68364688057201   0.68412096736179  4.7408678978e-04
2.9750      0.68472824968829   0.68520046866560  4.7221897731e-04
2.9800      0.68580762705713   0.68627797258168  4.7034552455e-04
2.9850      0.68688500468576   0.68735347121718  4.6846653142e-04
2.9900      0.68796037466088   0.68842695675866  4.6658209778e-04
2.9950      0.68903372914867   0.68949842147210  4.6469232343e-04
3.0000      0.69010506039489   0.69056785770302  4.6279730813e-04
3.0050      0.69117436072495   0.69163525787650  4.6089715155e-04
3.0100      0.69224162254396   0.69270061449724  4.5899195329e-04
3.0150      0.69330683833676   0.69376392014962  4.5708181286e-04
3.0200      0.69437000066803   0.69482516749770  4.5516682968e-04
3.0250      0.69543110218223   0.69588434928528  4.5324710305e-04
3.0300      0.69649013560373   0.69694145833590  4.5132273217e-04
3.0350      0.69754709373678   0.69799648755290  4.4939381612e-04
3.0400      0.69860196946556   0.69904942991941  4.4746045385e-04
3.0450      0.69965475575418   0.70010027849833  4.4552274415e-04
3.0500      0.70070544564670   0.70114902643240  4.4358078569e-04
3.0550      0.70175403226714   0.70219566694412  4.4163467698e-04
3.0600      0.70280050881946   0.70324019333582  4.3968451636e-04
3.0650      0.70384486858758   0.70428259898957  4.3773040200e-04
3.0700      0.70488710493533   0.70532287736722  4.3577243190e-04
3.0750      0.70592721130648   0.70636102201035  4.3381070386e-04
3.0800      0.70696518122470   0.70739702654021  4.3184531551e-04
3.0850      0.70800100829351   0.70843088465775  4.2987636425e-04
3.0900      0.70903468619625   0.70946259014354  4.2790394729e-04
3.0950      0.71006620869608   0.71049213685769  4.2592816161e-04
3.1000      0.71109556963590   0.71151951873988  4.2394910398e-04
3.1050      0.71212276293831   0.71254472980923  4.2196687092e-04
3.1100      0.71314778260552   0.71356776416425  4.1998155873e-04
3.1150      0.71417062271937   0.71458861598283  4.1799326345e-04
3.1200      0.71519127744119   0.71560727952207  4.1600208088e-04
3.1250      0.71620974101176   0.71662374911829  4.1400810653e-04
3.1300      0.71722600775122   0.71763801918689  4.1201143568e-04
3.1350      0.71824007205900   0.71865008422230  4.1001216330e-04
3.1400      0.71925192841374   0.71965993879785  4.0801038411e-04
3.1450      0.72026157137317   0.72066757756569  4.0600619251e-04
3.1500      0.72126899557405   0.72167299525669  4.0399968264e-04
3.1550      0.72227419573204   0.72267618668034  4.0199094830e-04
3.1600      0.72327716664160   0.72367714672461  3.9998008301e-04
3.1650      0.72427790317588   0.72467587035584  3.9796717995e-04
3.1700      0.72527640028662   0.72567235261864  3.9595233202e-04
3.1750      0.72627265300399   0.72666658863572  3.9393563174e-04
3.1800      0.72726665643650   0.72765857360782  3.9191717132e-04
3.1850      0.72825840577086   0.72864830281351  3.8989704264e-04
3.1900      0.72924789627184   0.72963577160906  3.8787533723e-04
3.1950      0.73023512328211   0.73062097542835  3.8585214623e-04
3.2000      0.73122008222215   0.73160390978263  3.8382756048e-04
3.2050      0.73220276859003   0.73258457026045  3.8180167042e-04
3.2100      0.73318317796133   0.73356295252744  3.7977456612e-04
3.2150      0.73416130598891   0.73453905232618  3.7774633727e-04
3.2200      0.73513714840280   0.73551286547601  3.7571707321e-04
3.2250      0.73611070101000   0.73648438787286  3.7368686286e-04
3.2300      0.73708195969434   0.73745361548911  3.7165579476e-04
3.2350      0.73805092041628   0.73842054437333  3.6962395705e-04
3.2400      0.73901757921273   0.73938517065019  3.6759143746e-04
3.2450      0.73998193219686   0.74034749052019  3.6555832332e-04
3.2500      0.74094397555796   0.74130750025951  3.6352470155e-04
3.2550      0.74190370556117   0.74226519621981  3.6149065864e-04
3.2600      0.74286111854735   0.74322057482801  3.5945628067e-04
3.2650      0.74381621093284   0.74417363258610  3.5742165326e-04
3.2700      0.74476897920927   0.74512436607091  3.5538686164e-04
3.2750      0.74571941994335   0.74607277193393  3.5335199058e-04
3.2800      0.74666752977667   0.74701884690106  3.5131712439e-04
3.2850      0.74761330542544   0.74796258777240  3.4928234696e-04
3.2900      0.74855674368032   0.74890399142204  3.4724774173e-04
3.2950      0.74949784140617   0.74984305479782  3.4521339165e-04
3.3000      0.75043659554184   0.75077977492108  3.4317937924e-04
3.3050      0.75137300309991   0.75171414888646  3.4114578655e-04
3.3100      0.75230706116647   0.75264617386163  3.3911269516e-04
3.3150      0.75323876690090   0.75357584708706  3.3708018616e-04
3.3200      0.75416811753559   0.75450316587578  3.3504834019e-04
3.3250      0.75509511037573   0.75542812761312  3.3301723739e-04
3.3300      0.75601974279905   0.75635072975646  3.3098695742e-04
3.3350      0.75694201225553   0.75727096983498  3.2895757945e-04
3.3400      0.75786191626722   0.75818884544940  3.2692918218e-04
3.3450      0.75877945242792   0.75910435427169  3.2490184377e-04
3.3500      0.75969461840292   0.76001749404484  3.2287564192e-04
3.3550      0.76060741192878   0.76092826258260  3.2085065381e-04
3.3600      0.76151783081302   0.76183665776915  3.1882695613e-04
3.3650      0.76242587293386   0.76274267755888  3.1680462502e-04
3.3700      0.76333153623993   0.76364631997610  3.1478373617e-04
3.3750      0.76423481875004   0.76454758311474  3.1276436469e-04
3.3800      0.76513571855284   0.76544646513807  3.1074658523e-04
3.3850      0.76603423380658   0.76634296427846  3.0873047188e-04
3.3900      0.76693036273879   0.76723707883700  3.0671609821e-04
3.3950      0.76782410364603   0.76812880718332  3.0470353729e-04
3.4000      0.76871545489356   0.76901814775519  3.0269286162e-04
3.4050      0.76960441491507   0.76990509905828  3.0068414321e-04
3.4100      0.77049098221236   0.77078965966587  2.9867745350e-04
3.4150      0.77137515535507   0.77167182821850  2.9667286342e-04
3.4200      0.77225693298035   0.77255160342370  2.9467044335e-04
3.4250      0.77313631379257   0.77342898405569  2.9267026312e-04
3.4300      0.77401329656301   0.77430396895504  2.9067239203e-04
3.4350      0.77488788012954   0.77517655702836  2.8867689882e-04
3.4400      0.77576006339633   0.77604674724804  2.8668385170e-04
3.4450      0.77662984533351   0.77691453865184  2.8469331832e-04
3.4500      0.77749722497687   0.77777993034265  2.8270536578e-04
3.4550      0.77836220142752   0.77864292148814  2.8072006063e-04
3.4600      0.77922477385160   0.77950351132045  2.7873746885e-04
3.4650      0.78008494147994   0.78036169913582  2.7675765588e-04
3.4700      0.78094270360772   0.78121748429431  2.7478068660e-04
3.4750      0.78179805959417   0.78207086621948  2.7280662531e-04
3.4800      0.78265100886221   0.78292184439800  2.7083553579e-04
3.4850      0.78350155089816   0.78377041837937  2.6886748122e-04
3.4900      0.78434968525135   0.78461658777557  2.6690252422e-04
3.4950      0.78519541153384   0.78546035226070  2.6494072686e-04
3.5000      0.78603872942004   0.78630171157068  2.6298215064e-04
3.5050      0.78687963864639   0.78714066550288  2.6102685649e-04
3.5100      0.78771813901104   0.78797721391580  2.5907490476e-04
3.5150      0.78855423037347   0.78881135672872  2.5712635525e-04
3.5200      0.78938791265413   0.78964309392132  2.5518126719e-04
3.5250      0.79021918583418   0.79047242553339  2.5323969921e-04
3.5300      0.79104804995505   0.79129935166446  2.5130170941e-04
3.5350      0.79187450511814   0.79212387247342  2.4936735529e-04
3.5400      0.79269855148445   0.79294598817822  2.4743669378e-04
3.5450      0.79352018927424   0.79376569905548  2.4550978124e-04
3.5500      0.79433941876668   0.79458300544014  2.4358667346e-04
3.5550      0.79515624029948   0.79539790772514  2.4166742566e-04
3.5600      0.79597065426855   0.79621040636101  2.3975209246e-04
3.5650      0.79678266112760   0.79702050185555  2.3784072794e-04
3.5700      0.79759226138787   0.79782819477346  2.3593338559e-04
3.5750      0.79839945561768   0.79863348573600  2.3403011831e-04
3.5800      0.79920424444212   0.79943637542057  2.3213097845e-04
3.5850      0.80000662854266   0.80023686456043  2.3023601777e-04
3.5900      0.80080660865681   0.80103495394427  2.2834528745e-04
3.5950      0.80160418557775   0.80183064441587  2.2645883812e-04
3.6000      0.80239936015396   0.80262393687377  2.2457671981e-04
3.6050      0.80319213328886   0.80341483227083  2.2269898198e-04
3.6100      0.80398250594041   0.80420333161394  2.2082567352e-04
3.6150      0.80477047912083   0.80498943596359  2.1895684276e-04
3.6200      0.80555605389611   0.80577314643354  2.1709253743e-04
3.6250      0.80633923138575   0.80655446419045  2.1523280470e-04
3.6300      0.80712001276232   0.80733339045350  2.1337769118e-04
3.6350      0.80789839925112   0.80810992649400  2.1152724288e-04
3.6400      0.80867439212981   0.80888407363508  2.0968150527e-04
3.6450      0.80944799272803   0.80965583325125  2.0784052323e-04
3.6500      0.81021920242701   0.81042520676807  2.0600434106e-04
3.6550      0.81098802265924   0.81119219566177  2.0417300253e-04
3.6600      0.81175445490805   0.81195680145885  2.0234655080e-04
3.6650      0.81251850070728   0.81271902573576  2.0052502849e-04
3.6700      0.81328016164086   0.81347887011850  1.9870847764e-04
3.6750      0.81403943934247   0.81423633628220  1.9689693973e-04
3.6800      0.81479633549515   0.81499142595084  1.9509045569e-04
3.6850      0.81555085183095   0.81574414089680  1.9328906586e-04
3.6900      0.81630299013049   0.81649448294052  1.9149281003e-04
3.6950      0.81705275222266   0.81724245395010  1.8970172743e-04
3.7000      0.81780013998420   0.81798805584095  1.8791585675e-04
3.7050      0.81854515533934   0.81873129057542  1.8613523608e-04
3.7100      0.81928780025938   0.81947216016238  1.8435990300e-04
3.7150      0.82002807676241   0.82021066665691  1.8258989450e-04
3.7200      0.82076598691283   0.82094681215986  1.8082524703e-04
3.7250      0.82150153282103   0.82168059881752  1.7906599649e-04
3.7300      0.82223471664300   0.82241202882122  1.7731217822e-04
3.7350      0.82296554057995   0.82314110440697  1.7556382703e-04
3.7400      0.82369400687794   0.82386782785509  1.7382097716e-04
3.7450      0.82442011782749   0.82459220148981  1.7208366231e-04
3.7500      0.82514387576324   0.82531422767889  1.7035191566e-04
3.7550      0.82586528306351   0.82603390883331  1.6862576981e-04
3.7600      0.82658434214998   0.82675124740682  1.6690525684e-04
3.7650      0.82730105548729   0.82746624589559  1.6519040830e-04
3.7700      0.82801542558267   0.82817890683786  1.6348125518e-04
3.7750      0.82872745498557   0.82888923281353  1.6177782796e-04
3.7800      0.82943714628727   0.82959722644383  1.6008015657e-04
3.7850      0.83014450212050   0.83030289039091  1.5838827041e-04
3.7900      0.83084952515909   0.83100622735745  1.5670219836e-04
3.7950      0.83155221811760   0.83170724008637  1.5502196877e-04
3.8000      0.83225258375091   0.83240593136036  1.5334760945e-04
3.8050      0.83295062485387   0.83310230400159  1.5167914772e-04
3.8100      0.83364634426091   0.83379636087127  1.5001661036e-04
3.8150      0.83433974484572   0.83448810486934  1.4836002362e-04
3.8200      0.83503082952080   0.83517753893405  1.4670941325e-04
3.8250      0.83571960123715   0.83586466604164  1.4506480449e-04
3.8300      0.83640606298388   0.83654948920594  1.4342622206e-04
3.8350      0.83709021778782   0.83723201147798  1.4179369016e-04
3.8400      0.83777206871318   0.83791223594569  1.4016723252e-04
3.8450      0.83845161886116   0.83859016573348  1.3854687231e-04
3.8500      0.83912887136962   0.83926580400188  1.3693263226e-04
3.8550      0.83980382941263   0.83993915394719  1.3532453455e-04
3.8600      0.84047649620022   0.84061021880111  1.3372260089e-04
3.8650      0.84114687497789   0.84127900183038  1.3212685249e-04
3.8700      0.84181496902636   0.84194550633642  1.3053731006e-04
3.8750      0.84248078166110   0.84260973565494  1.2895399383e-04
3.8800      0.84314431623207   0.84327169315561  1.2737692354e-04
3.8850      0.84380557612326   0.84393138224170  1.2580611845e-04
3.8900      0.84446456475239   0.84458880634970  1.2424159732e-04
3.8950      0.84512128557054   0.84524396894898  1.2268337845e-04
3.9000      0.84577574206177   0.84589687354143  1.2113147966e-04
3.9050      0.84642793774278   0.84654752366107  1.1958591829e-04
3.9100      0.84707787616253   0.84719592287375  1.1804671121e-04
3.9150      0.84772556090193   0.84784207477677  1.1651387484e-04
3.9200      0.84837099557340   0.84848598299851  1.1498742510e-04
3.9250      0.84901418382062   0.84912765119810  1.1346737748e-04
3.9300      0.84965512931808   0.84976708306507  1.1195374699e-04
3.9350      0.85029383577079   0.85040428231897  1.1044654818e-04
3.9400      0.85093030691389   0.85103925270906  1.0894579517e-04
3.9450      0.85156454651234   0.85167199801393  1.0745150159e-04
3.9500      0.85219655836052   0.85230252204118  1.0596368067e-04
3.9550      0.85282634628191   0.85293082862705  1.0448234514e-04
3.9600      0.85345391412876   0.85355692163609  1.0300750734e-04
3.9650      0.85407926578169   0.85418080496082  1.0153917912e-04
3.9700      0.85470240514941   0.85480248252135  1.0007737194e-04
3.9750      0.85532333616832   0.85542195826510  9.8622096780e-05
3.9800      0.85594206280219   0.85603923616642  9.7173364227e-05
3.9850      0.85655858904183   0.85665432022625  9.5731184417e-05
3.9900      0.85717291890473   0.85726721447180  9.4295567070e-05
3.9950      0.85778505643474   0.85787792295621  9.2866521478e-05
4.0000      0.85839500570170   0.85848644975821  9.1444056517e-05
4.0050      0.85900277080114   0.85909279898178  9.0028180646e-05
4.0100      0.85960835585392   0.85969697475583  8.8618901910e-05
4.0150      0.86021176500592   0.86029898123387  8.7216227943e-05
4.0200      0.86081300242768   0.86089882259365  8.5820165972e-05
4.0250      0.86141207231408   0.86149650303690  8.4430722821e-05
4.0300      0.86200897888400   0.86209202678891  8.3047904910e-05
4.0350      0.86260372638004   0.86268539809830  8.1671718263e-05
4.0400      0.86319631906812   0.86327662123662  8.0302168507e-05
4.0450      0.86378676123719   0.86386570049807  7.8939260878e-05
4.0500      0.86437505719894   0.86445264019916  7.7583000222e-05
4.0550      0.86496121128739   0.86503744467839  7.6233391001e-05
4.0600      0.86554522785867   0.86562011829596  7.4890437291e-05
4.0650      0.86612711129062   0.86620066543341  7.3554142790e-05
4.0700      0.86670686598251   0.86677909049333  7.2224510820e-05
4.0750      0.86728449635472   0.86735539789904  7.0901544328e-05
4.0800      0.86786000684840   0.86792959209429  6.9585245890e-05
4.0850      0.86843340192521   0.86850167754293  6.8275617716e-05
4.0900      0.86900468606694   0.86907165872859  6.6972661651e-05
4.0950      0.86957386377524   0.86963954015442  6.5676379180e-05
4.1000      0.87014093957131   0.87020532634274  6.4386771428e-05
4.1050      0.87070591799558   0.87076902183475  6.3103839166e-05
4.1100      0.87126880360740   0.87133063119021  6.1827582813e-05
4.1150      0.87182960098474   0.87189015898718  6.0558002440e-05
4.1200      0.87238831472389   0.87244760982167  5.9295097772e-05
4.1250      0.87294494943918   0.87300298830737  5.8038868192e-05
4.1300      0.87349950976262   0.87355629907536  5.6789312742e-05
4.1350      0.87405200034365   0.87410754677378  5.5546430129e-05
4.1400      0.87460242584885   0.87465673606758  5.4310218728e-05
4.1450      0.87515079096159   0.87520387163817  5.3080676583e-05
4.1500      0.87569710038179   0.87574895818320  5.1857801410e-05
4.1550      0.87624135882562   0.87629200041622  5.0641590604e-05
4.1600      0.87678357102516   0.87683300306640  4.9432041236e-05
4.1650      0.87732374172819   0.87737197087825  4.8229150064e-05
4.1700      0.87786187569783   0.87790890861136  4.7032913527e-05
4.1750      0.87839797771230   0.87844382104006  4.5843327756e-05
4.1800      0.87893205256462   0.87897671295319  4.4660388573e-05
4.1850      0.87946410506231   0.87950758915381  4.3484091494e-05
4.1900      0.87999414002716   0.88003645445889  4.2314431735e-05
4.1950      0.88052216229488   0.88056331369909  4.1151404210e-05
4.2000      0.88104817671490   0.88108817171844  3.9995003540e-05
4.2050      0.88157218815001   0.88161103337406  3.8845224054e-05
4.2100      0.88209420147616   0.88213190353595  3.7702059788e-05
4.2150      0.88261422158215   0.88265078708665  3.6565504495e-05
4.2200      0.88313225336937   0.88316768892101  3.5435551643e-05
4.2250      0.88364830175151   0.88368261394593  3.4312194418e-05
4.2300      0.88416237165432   0.88419556708005  3.3195425731e-05
4.2350      0.88467446801535   0.88470655325357  3.2085238219e-05
4.2400      0.88518459578363   0.88521557740788  3.0981624246e-05
4.2450      0.88569275991949   0.88572264449540  2.9884575909e-05
4.2500      0.88619896539422   0.88622775947926  2.8794085039e-05
4.2550      0.88670321718986   0.88673092733306  2.7710143205e-05
4.2600      0.88720552029893   0.88723215304065  2.6632741717e-05
4.2650      0.88770587972418   0.88773144159581  2.5561871629e-05
4.2700      0.88820430047832   0.88822879800206  2.4497523742e-05
4.2750      0.88870078758377   0.88872422727238  2.3439688606e-05
4.2800      0.88919534607243   0.88921773442896  2.2388356525e-05
4.2850      0.88968798098541   0.88970932450297  2.1343517557e-05
4.2900      0.89017869737279   0.89019900253431  2.0305161521e-05
4.2950      0.89066750029337   0.89068677357136  1.9273277995e-05
4.3000      0.89115439481444   0.89117264267076  1.8247856323e-05
4.3050      0.89163938601153   0.89165661489715  1.7228885617e-05
4.3100      0.89212247896815   0.89213869532291  1.6216354759e-05
4.3150      0.89260367877559   0.89261888902799  1.5210252404e-05
4.3200      0.89308299053265   0.89309720109963  1.4210566983e-05
4.3250      0.89356041934542   0.89357363663212  1.3217286706e-05
4.3300      0.89403597032704   0.89404820072661  1.2230399566e-05
4.3350      0.89450964859748   0.89452089849082  1.1249893341e-05
4.3400      0.89498145928330   0.89499173503890  1.0275755594e-05
4.3450      0.89545140751741   0.89546071549110  9.3079736820e-06
4.3500      0.89591949843888   0.89592784497363  8.3465347530e-06
4.3550      0.89638573719266   0.89639312861841  7.3914257518e-06
4.3600      0.89685012892941   0.89685657156283  6.4426334221e-06
4.3650      0.89731267880525   0.89731817894956  5.5001443092e-06
4.3700      0.89777339198155   0.89777795592632  4.5639447633e-06
4.3750      0.89823227362471   0.89823590764565  3.6340209414e-06
4.3800      0.89868932890593   0.89869203926474  2.7103588107e-06
4.3850      0.89914456300101   0.89914635594516  1.7929441509e-06
4.3900      0.89959798109015   0.89959886285270  8.8176255753e-07
4.3950      0.90004958835769   0.90004956515713  2.3200556143e-08
4.4000      0.90049938999196   0.90049846803201  9.2195995582e-07
4.4050      0.90094739118504   0.90094557665446  1.8145305837e-06
4.4100      0.90139359713255   0.90139089620500  2.7009275557e-06
4.4150      0.90183801303346   0.90183443186730  3.5811661591e-06
4.4200      0.90228064408986   0.90227618882802  4.4552618496e-06
4.4250      0.90272149550682   0.90271617227657  5.3232302488e-06
4.4300      0.90316057249210   0.90315438740496  6.1850871416e-06
4.4350      0.90359788025604   0.90359083940757  7.0408484735e-06
4.4400      0.90403342401131   0.90402553348096  7.8905303482e-06
4.4450      0.90446720897271   0.90445847482369  8.7341490251e-06
4.4500      0.90489924035704   0.90488966863613  9.5717209165e-06
4.4550      0.90532952338283   0.90531912012025  1.0403262585e-05
4.4600      0.90575806327021   0.90574683447946  1.1228790741e-05
4.4650      0.90618486524066   0.90617281691842  1.2048322242e-05
4.4700      0.90660993451691   0.90659707264282  1.2861874085e-05
4.4750      0.90703327632267   0.90701960685926  1.3669463411e-05
4.4800      0.90745489588250   0.90744042477500  1.4471107497e-05
4.4850      0.90787479842161   0.90785953159785  1.5266823757e-05
4.4900      0.90829298916567   0.90827693253593  1.6056629736e-05
4.4950      0.90870947334066   0.90869263279755  1.6840543112e-05
4.5000      0.90912425617267   0.90910663759098  1.7618581690e-05
4.5050      0.90953734288772   0.90951895212432  1.8390763401e-05
4.5100      0.90994873871163   0.90992958160533  1.9157106300e-05
4.5150      0.91035844886977   0.91033853124121  1.9917628563e-05
4.5200      0.91076647858698   0.91074580623849  2.0672348485e-05
4.5250      0.91117283308732   0.91115141180284  2.1421284477e-05
4.5300      0.91157751759398   0.91155535313891  2.2164455067e-05
4.5350      0.91198053732903   0.91195763545014  2.2901878890e-05
4.5400      0.91238189751334   0.91235826393865  2.3633574695e-05
4.5450      0.91278160336636   0.91275724380502  2.4359561337e-05
4.5500      0.91317966010597   0.91315458024820  2.5079857776e-05
4.5550      0.91357607294834   0.91355027846527  2.5794483075e-05
4.5600      0.91397084710777   0.91394434365137  2.6503456397e-05
4.5650      0.91436398779649   0.91433678099949  2.7206797007e-05
4.5700      0.91475550022458   0.91472759570032  2.7904524261e-05
4.5750      0.91514538959975   0.91511679294213  2.8596657614e-05
4.5800      0.91553366112722   0.91550437791061  2.9283216611e-05
4.5850      0.91592032000957   0.91589035578868  2.9964220888e-05
4.5900      0.91630537144658   0.91627473175642  3.0639690166e-05
4.5950      0.91668882063511   0.91665751099085  3.1309644256e-05
4.6000      0.91707067276890   0.91703869866585  3.1974103050e-05
4.6050      0.91745093303848   0.91741829995195  3.2633086523e-05
4.6100      0.91782960663100   0.91779632001628  3.3286614728e-05
4.6150      0.91820669873012   0.91817276402232  3.3934707797e-05
4.6200      0.91858221451580   0.91854763712987  3.4577385936e-05
4.6250      0.91895615916426   0.91892094449483  3.5214669427e-05
4.6300      0.91932853784775   0.91929269126913  3.5846578622e-05
4.6350      0.91969935573448   0.91966288260054  3.6473133943e-05
4.6400      0.92006861798846   0.92003152363258  3.7094355879e-05
4.6450      0.92043632976937   0.92039861950438  3.7710264985e-05
4.6500      0.92080249623242   0.92076417535054  3.8320881881e-05
4.6550      0.92116712252824   0.92112819630099  3.8926227248e-05
4.6600      0.92153021380275   0.92149068748092  3.9526321826e-05
4.6650      0.92189177519700   0.92185165401059  4.0121186416e-05
4.6700      0.92225181184711   0.92221110100524  4.0710841873e-05
4.6750      0.92261032888407   0.92256903357496  4.1295309107e-05
4.6800      0.92296733143367   0.92292545682459  4.1874609080e-05
4.6850      0.92332282461637   0.92328037585356  4.2448762808e-05
4.6900      0.92367681354717   0.92363379575581  4.3017791352e-05
4.6950      0.92402930333548   0.92398572161965  4.3581715823e-05
4.7000      0.92438029908504   0.92433615852766  4.4140557377e-05
4.7050      0.92472980589378   0.92468511155657  4.4694337214e-05
4.7100      0.92507782885371   0.92503258577714  4.5243076575e-05
4.7150      0.92542437305080   0.92537858625405  4.5786796743e-05
4.7200      0.92576944356487   0.92572311804583  4.6325519039e-05
4.7250      0.92611304546950   0.92606618620468  4.6859264821e-05
4.7300      0.92645518383190   0.92640779577642  4.7388055483e-05
4.7350      0.92679586371282   0.92674795180037  4.7911912452e-05
4.7400      0.92713509016641   0.92708665930922  4.8430857188e-05
4.7450      0.92747286824015   0.92742392332897  4.8944911181e-05
4.7500      0.92780920297474   0.92775974887879  4.9454095950e-05
4.7550      0.92814409940399   0.92809414097095  4.9958433041e-05
4.7600      0.92847756255472   0.92842710461069  5.0457944028e-05
4.7650      0.92880959744666   0.92875864479615  5.0952650506e-05
4.7700      0.92914020909234   0.92908876651825  5.1442574096e-05
4.7750      0.92946940249705   0.92941747476061  5.1927736437e-05
4.7800      0.92979718265864   0.92974477449945  5.2408159191e-05
4.7850      0.93012355456753   0.93007067070350  5.2883864036e-05
4.7900      0.93044852320656   0.93039516833390  5.3354872668e-05
4.7950      0.93077209355091   0.93071827234411  5.3821206798e-05
4.8000      0.93109427056800   0.93103998767985  5.4282888150e-05
4.8050      0.93141505921742   0.93136031927895  5.4739938463e-05
4.8100      0.93173446445082   0.93167927207134  5.5192379483e-05
4.8150      0.93205249121185   0.93199685097887  5.5640232971e-05
4.8200      0.93236914443603   0.93231306091534  5.6083520692e-05
4.8250      0.93268442905073   0.93262790678631  5.6522264420e-05
4.8300      0.93299834997502   0.93294139348908  5.6956485934e-05
4.8350      0.93331091211961   0.93325352591259  5.7386207017e-05
4.8400      0.93362212038680   0.93356430893735  5.7811449456e-05
4.8450      0.93393197967036   0.93387374743532  5.8232235040e-05
4.8500      0.93424049485546   0.93418184626990  5.8648585557e-05
4.8550      0.93454767081859   0.93448861029580  5.9060522794e-05
4.8600      0.93485351242752   0.93479404435899  5.9468068538e-05
4.8650      0.93515802454117   0.93509815329660  5.9871244570e-05
4.8700      0.93546121200956   0.93540094193689  6.0270072668e-05
4.8750      0.93576307967373   0.93570241509913  6.0664574604e-05
4.8800      0.93606363236570   0.93600257759356  6.1054772144e-05
4.8850      0.93636287490834   0.93630143422130  6.1440687043e-05
4.8900      0.93666081211535   0.93659898977430  6.1822341049e-05
4.8950      0.93695744879116   0.93689524903526  6.2199755899e-05
4.9000      0.93725278973089   0.93719021677757  6.2572953319e-05
4.9050      0.93754683972026   0.93748389776524  6.2941955020e-05
4.9100      0.93783960353551   0.93777629675281  6.3306782702e-05
4.9150      0.93813108594339   0.93806741848534  6.3667458048e-05
4.9200      0.93842129170104   0.93835726769831  6.4024002725e-05
4.9250      0.93871022555596   0.93864584911757  6.4376438383e-05
4.9300      0.93899789224592   0.93893316745926  6.4724786657e-05
4.9350      0.93928429649894   0.93921922742978  6.5069069156e-05
4.9400      0.93956944303318   0.93950403372571  6.5409307476e-05
4.9450      0.93985333655694   0.93978759103375  6.5745523187e-05
4.9500      0.94013598176854   0.94006990403070  6.6077737838e-05
4.9550      0.94041738335630   0.94035097738335  6.6405972955e-05
4.9600      0.94069754599849   0.94063081574845  6.6730250040e-05
4.9650      0.94097647436325   0.94090942377268  6.7050590568e-05
4.9700      0.94125417310854   0.94118680609255  6.7367015990e-05
4.9750      0.94153064688211   0.94146296733438  6.7679547729e-05
4.9800      0.94180590032143   0.94173791211425  6.7988207180e-05
4.9850      0.94207993805363   0.94201164503792  6.8293015709e-05
4.9900      0.94235276469549   0.94228417070083  6.8593994652e-05
4.9950      0.94262438485332   0.94255549368800  6.8891165314e-05
5.0000      0.94289480312298   0.94282561857401  6.9184548968e-05
###  max_n |e_n|=6.3863691130e-04