# Time t_n, Numerical sol. X_n, Exact sol. x(t_n), Error e_n
0.0000      2.00000000000000   2.00000000000000  0.0000000000e+00
0.0050      1.99000000000000   1.99007446221161  7.4462211608e-05
0.0100      1.98014950000000   1.98029572827782  1.4622827782e-04
0.0150      1.97044528728825   1.97066068470425  2.1539741600e-04
0.0200      1.96088424057371   1.96116630528919  2.8206471548e-04
0.0250      1.95146332675192   1.95180964808484  3.4632133291e-04
0.0300      1.94217959780740   1.94258785248467  4.0825467727e-04
0.0350      1.93303018784574   1.93349813643070  4.6794858496e-04
0.0400      1.92401231024935   1.92453779373510  5.2548348575e-04
0.0450      1.91512325495064   1.91570419151065  5.8093656000e-04
0.0500      1.90636038581713   1.90699476770490  6.3438188777e-04
0.0550      1.89772113814315   1.89840702873327  6.8589059012e-04
0.0600      1.88920301624309   1.88993854720633  7.3553096324e-04
0.0650      1.88080359114140   1.88158695974711  7.8336860572e-04
0.0700      1.87252049835485   1.87334996489418  8.2946653933e-04
0.0750      1.86435143576283   1.86522532108658  8.7388532375e-04
0.0800      1.85629416156149   1.85721084472702  9.1668316553e-04
0.0850      1.84834649229806   1.84930440831971  9.5791602165e-04
0.0900      1.84050630098160   1.84150393867949  9.9763769789e-04
0.0950      1.83277151526674   1.83380741520919  1.0358999425e-03
0.1000      1.82514011570721   1.82621286824212  1.0727525349e-03
0.1050      1.81761013407593   1.81871837744685  1.1082433709e-03
0.1100      1.81017965174883   1.81132207029159  1.1424185428e-03
0.1150      1.80284679814955   1.80402212056559  1.1753224160e-03
0.1200      1.79560974925230   1.79681674695503  1.2069977027e-03
0.1250      1.78846672614052   1.78970421167123  1.2374855307e-03
0.1300      1.78141599361866   1.78268281912879  1.2668255101e-03
0.1350      1.77445585887515   1.77575091467156  1.2950557964e-03
0.1400      1.76758467019405   1.76890688334466  1.3222131506e-03
0.1450      1.76080081571349   1.76214914871023  1.3483329967e-03
0.1500      1.75410272222897   1.75547617170554  1.3734494766e-03
0.1550      1.74748885403946   1.74888644954130  1.3975955018e-03
0.1600      1.74095771183470   1.74237851463882  1.4208028041e-03
0.1650      1.73450783162189   1.73595093360432  1.4431019824e-03
0.1700      1.72813778369021   1.72960230623883  1.4645225486e-03
0.1750      1.72184617161157   1.72333126458238  1.4850929708e-03
0.1800      1.71563163127616   1.71713647199094  1.5048407148e-03
0.1850      1.70949282996137   1.71101662224501  1.5237922836e-03
0.1900      1.70342846543273   1.70497043868839  1.5419732557e-03
0.1950      1.69743726507566   1.69899667339609  1.5594083204e-03
0.2000      1.69151798505670   1.69309410637017  1.5761213135e-03
0.2050      1.68566940951313   1.68726154476246  1.5921352493e-03
0.2100      1.67989034976985   1.68149782212307  1.6074723532e-03
0.2150      1.67417964358245   1.67580179767378  1.6221540913e-03
0.2200      1.66853615440544   1.67017235560524  1.6362011998e-03
0.2250      1.66295877068467   1.66460840439714  1.6496337125e-03
0.2300      1.65744640517311   1.65910887616055  1.6624709874e-03
0.2350      1.65199799426887   1.65367272600140  1.6747317325e-03
0.2400      1.64661249737487   1.64829893140451  1.6864340296e-03
0.2450      1.64128889627919   1.64298649163730  1.6975953581e-03
0.2500      1.63602619455534   1.63773442717245  1.7082326171e-03
0.2550      1.63082341698176   1.63254177912883  1.7183621471e-03
0.2600      1.62567960897979   1.62740760873005  1.7279997503e-03
0.2650      1.62059383606943   1.62233099677990  1.7371607105e-03
0.2700      1.61556518334224   1.61731104315425  1.7458598120e-03
0.2750      1.61059275495081   1.61234686630856  1.7541113577e-03
0.2800      1.60567567361407   1.60743760280065  1.7619291866e-03
0.2850      1.60081308013796   1.60258240682810  1.7693266901e-03
0.2900      1.59600413295094   1.59778044977973  1.7763168288e-03
0.2950      1.59124800765372   1.59303091980077  1.7829121471e-03
0.3000      1.58654389658268   1.58833302137106  1.7891247884e-03
0.3050      1.58189100838667   1.58368597489603  1.7949665094e-03
0.3100      1.57728856761653   1.57908901630982  1.8004486933e-03
0.3150      1.57273581432694   1.57454139669033  1.8055823634e-03
0.3200      1.56823200369025   1.57004238188553  1.8103781953e-03
0.3250      1.56377640562171   1.56559125215087  1.8148465292e-03
0.3300      1.55936830441592   1.56118730179732  1.8189973814e-03
0.3350      1.55500699839391   1.55682983884963  1.8228404557e-03
0.3400      1.55069179956061   1.55251818471455  1.8263851539e-03
0.3450      1.54642203327229   1.54825167385864  1.8296405863e-03
0.3500      1.54219703791370   1.54402965349534  1.8326155816e-03
0.3550      1.53801616458452   1.53985148328097  1.8353186965e-03
0.3600      1.53387877679483   1.53571653501945  1.8377582246e-03
0.3650      1.52978425016930   1.53162419237532  1.8399422060e-03
0.3700      1.52573197215981   1.52757385059490  1.8418784351e-03
0.3750      1.52172134176626   1.52356491623529  1.8435744690e-03
0.3800      1.51775176926515   1.51959680690093  1.8450376358e-03
0.3850      1.51382267594594   1.51566895098749  1.8462750415e-03
0.3900      1.50993349385463   1.51178078743282  1.8472935782e-03
0.3950      1.50608366554459   1.50793176547486  1.8480999303e-03
0.4000      1.50227264383421   1.50412134441609  1.8487005819e-03
0.4050      1.49849989157131   1.50034899339449  1.8491018232e-03
0.4100      1.49476488140398   1.49661419116067  1.8493097567e-03
0.4150      1.49106709555760   1.49291642586110  1.8493303035e-03
0.4200      1.48740602561812   1.48925519482710  1.8491692090e-03
0.4250      1.48378117232098   1.48563000436958  1.8488320486e-03
0.4300      1.48019204534592   1.48204036957918  1.8483242333e-03
0.4350      1.47663816311712   1.47848581413181  1.8476510147e-03
0.4400      1.47311905260883   1.47496587009925  1.8468174904e-03
0.4450      1.46963424915608   1.47148007776481  1.8458286087e-03
0.4500      1.46618329627040   1.46802798544377  1.8446891734e-03
0.4550      1.46276574546044   1.46460914930862  1.8434038482e-03
0.4600      1.45938115605728   1.46122313321867  1.8419771614e-03
0.4650      1.45602909504429   1.45786950855425  1.8404135100e-03
0.4700      1.45270913689144   1.45454785405508  1.8387171636e-03
0.4750      1.44942086339385   1.45125775566284  1.8368922690e-03
0.4800      1.44616386351462   1.44799880636774  1.8349428531e-03
0.4850      1.44293773323151   1.44477060605897  1.8328728275e-03
0.4900      1.43974207538775   1.44157276137906  1.8306859913e-03
0.4950      1.43657649954648   1.43840488558176  1.8283860353e-03
0.5000      1.43344062184897   1.43526659839358  1.8259765446e-03
0.5050      1.43033406487638   1.43215752587884  1.8234610025e-03
0.5100      1.42725645751503   1.42907730030794  1.8208427929e-03
0.5150      1.42420743482502   1.42602556002909  1.8181252041e-03
0.5200      1.42118663791209   1.42300194934304  1.8153114310e-03
0.5250      1.41819371380275   1.42000611838099  1.8124045782e-03
0.5300      1.41522831532241   1.41703772298548  1.8094076631e-03
0.5350      1.41229010097657   1.41409642459418  1.8063236176e-03
0.5400      1.40937873483488   1.41118189012653  1.8031552917e-03
0.5450      1.40649388641803   1.40829379187305  1.7999054550e-03
0.5500      1.40363523058746   1.40543180738745  1.7965768000e-03
0.5550      1.40080244743767   1.40259561938119  1.7931719435e-03
0.5600      1.39799522219112   1.39978491562069  1.7896934296e-03
0.5650      1.39521324509573   1.39699938882694  1.7861437312e-03
0.5700      1.39245621132475   1.39423873657742  1.7825252527e-03
0.5750      1.38972382087909   1.39150266121049  1.7788403314e-03
0.5800      1.38701577849189   1.38879086973192  1.7750912400e-03
0.5850      1.38433179353543   1.38610307372366  1.7712801882e-03
0.5900      1.38167157993014   1.38343898925471  1.7674093246e-03
0.5950      1.37903485605585   1.38079833679409  1.7634807382e-03
0.6000      1.37642134466505   1.37818084112586  1.7594964608e-03
0.6050      1.37383077279813   1.37558623126604  1.7554584679e-03
0.6100      1.37126287170068   1.37301424038147  1.7513686808e-03
0.6150      1.36871737674266   1.37046460571054  1.7472289679e-03
0.6200      1.36619402733939   1.36793706848573  1.7430411463e-03
0.6250      1.36369256687440   1.36543137385792  1.7388069835e-03
0.6300      1.36121274262403   1.36294727082236  1.7345281983e-03
0.6350      1.35875430568374   1.36048451214639  1.7302064627e-03
0.6400      1.35631701089608   1.35804285429877  1.7258434027e-03
0.6450      1.35390061678033   1.35562205738052  1.7214406002e-03
0.6500      1.35150488546364   1.35322188505740  1.7169995938e-03
0.6550      1.34912958261380   1.35084210449386  1.7125218801e-03
0.6600      1.34677447737345   1.34848248628843  1.7080089150e-03
0.6650      1.34443934229580   1.34614280441056  1.7034621148e-03
0.6700      1.34212395328171   1.34382283613884  1.6988828571e-03
0.6750      1.33982808951826   1.34152236200061  1.6942724823e-03
0.6800      1.33755153341854   1.33924116571280  1.6896322943e-03
0.6850      1.33529407056288   1.33697903412420  1.6849635613e-03
0.6900      1.33305548964129   1.33473575715881  1.6802675175e-03
0.6950      1.33083558239719   1.33251112776058  1.6755453634e-03
0.7000      1.32863414357230   1.33030494183922  1.6707982669e-03
0.7050      1.32645097085283   1.32811699821723  1.6660273644e-03
0.7100      1.32428586481671   1.32594709857805  1.6612337613e-03
0.7150      1.32213862888203   1.32379504741531  1.6564185333e-03
0.7200      1.32000906925653   1.32166065198317  1.6515827266e-03
0.7250      1.31789699488821   1.31954372224768  1.6467273595e-03
0.7300      1.31580221741698   1.31744407083923  1.6418534223e-03
0.7350      1.31372455112727   1.31536151300590  1.6369618786e-03
0.7400      1.31166381290173   1.31329586656790  1.6320536662e-03
0.7450      1.30961982217586   1.31124695187285  1.6271296970e-03
0.7500      1.30759240089356   1.30921459175208  1.6221908585e-03
0.7550      1.30558137346365   1.30719861147779  1.6172380141e-03
0.7600      1.30358656671730   1.30519883872109  1.6122720038e-03
0.7650      1.30160780986625   1.30321510351092  1.6072936447e-03
0.7700      1.29964493446206   1.30124723819381  1.6023037318e-03
0.7750      1.29769777435601   1.29929507739449  1.5973030385e-03
0.7800      1.29576616565994   1.29735845797722  1.5922923173e-03
0.7850      1.29384994670790   1.29543721900797  1.5872723001e-03
0.7900      1.29194895801846   1.29353120171738  1.5822436989e-03
0.7950      1.29006304225792   1.29164024946444  1.5772072065e-03
0.8000      1.28819204420421   1.28976420770084  1.5721634966e-03
0.8050      1.28633581071148   1.28790292393618  1.5671132247e-03
0.8100      1.28449419067544   1.28605624770370  1.5620570283e-03
0.8150      1.28266703499943   1.28422403052684  1.5569955274e-03
0.8200      1.28085419656105   1.28240612588638  1.5519293253e-03
0.8250      1.27905553017962   1.28060238918826  1.5468590086e-03
0.8300      1.27727089258410   1.27881267773198  1.5417851479e-03
0.8350      1.27550014238181   1.27703685067975  1.5367082979e-03
0.8400      1.27374314002764   1.27527476902607  1.5316289984e-03
0.8450      1.27199974779394   1.27352629556806  1.5265477741e-03
0.8500      1.27026982974097   1.27179129487626  1.5214651353e-03
0.8550      1.26855325168792   1.27006963326604  1.5163815781e-03
0.8600      1.26684988118452   1.26836117876956  1.5112975850e-03
0.8650      1.26515958748316   1.26666580110829  1.5062136251e-03
0.8700      1.26348224151157   1.26498337166598  1.5011301544e-03
0.8750      1.26181771584605   1.26331376346227  1.4960476162e-03
0.8800      1.26016588468517   1.26165685112667  1.4909664415e-03
0.8850      1.25852662382397   1.26001251087313  1.4858870492e-03
0.8900      1.25689981062872   1.25838062047508  1.4808098464e-03
0.8950      1.25528532401207   1.25676105924087  1.4757352288e-03
0.9000      1.25368304440873   1.25515370798978  1.4706635810e-03
0.9050      1.25209285375159   1.25355844902838  1.4655952768e-03
0.9100      1.25051463544827   1.25197516612741  1.4605306791e-03
0.9150      1.24894827435816   1.25040374449904  1.4554701409e-03
0.9200      1.24739365676984   1.24884407077458  1.4504140047e-03
0.9250      1.24585067037894   1.24729603298260  1.4453626037e-03
0.9300      1.24431920426641   1.24575952052742  1.4403162610e-03
0.9350      1.24279914887722   1.24423442416807  1.4352752908e-03
0.9400      1.24129039599935   1.24272063599754  1.4302399982e-03
0.9450      1.23979283874335   1.24121804942253  1.4252106792e-03
0.9500      1.23830637152207   1.23972655914343  1.4201876214e-03
0.9550      1.23683089003092   1.23824606113478  1.4151711039e-03
0.9600      1.23536629122840   1.23677645262602  1.4101613976e-03
0.9650      1.23391247331702   1.23531763208263  1.4051587656e-03
0.9700      1.23246933572457   1.23386949918757  1.4001634630e-03
0.9750      1.23103677908569   1.23243195482308  1.3951757374e-03
0.9800      1.22961470522381   1.23100490105279  1.3901958290e-03
0.9850      1.22820301713341   1.22958824110418  1.3852239708e-03
0.9900      1.22680161896260   1.22818187935130  1.3802603887e-03
0.9950      1.22541041599597   1.22678572129786  1.3753053019e-03
1.0000      1.22402931463779   1.22539967356056  1.3703589228e-03
1.0050      1.22265822239552   1.22402364385279  1.3654214573e-03
1.0100      1.22129704786354   1.22265754096848  1.3604931049e-03
1.0150      1.21994570070726   1.22130127476644  1.3555740592e-03
1.0200      1.21860409164742   1.21995475615474  1.3506645073e-03
1.0250      1.21727213244476   1.21861789707557  1.3457646308e-03
1.0300      1.21594973588485   1.21729061049024  1.3408746054e-03
1.0350      1.21463681576328   1.21597281036445  1.3359946012e-03
1.0400      1.21333328687106   1.21466441165389  1.3311247828e-03
1.0450      1.21203906498027   1.21336533028998  1.3262653097e-03
1.0500      1.21075406682998   1.21207548316596  1.3214163360e-03
1.0550      1.20947821011240   1.21079478812315  1.3165780107e-03
1.0600      1.20821141345928   1.20952316393746  1.3117504782e-03
1.0650      1.20695359642851   1.20826053030618  1.3069338777e-03
1.0700      1.20570467949100   1.20700680783486  1.3021283439e-03
1.0750      1.20446458401772   1.20576191802461  1.2973340069e-03
1.0800      1.20323323226704   1.20452578325943  1.2925509924e-03
1.0850      1.20201054737222   1.20329832679389  1.2877794217e-03
1.0900      1.20079645332911   1.20207947274089  1.2830194118e-03
1.0950      1.19959087498412   1.20086914605977  1.2782710757e-03
1.1000      1.19839373802231   1.19966727254450  1.2735345222e-03
1.1050      1.19720496895577   1.19847377881212  1.2688098564e-03
1.1100      1.19602449511208   1.19728859229136  1.2640971793e-03
1.1150      1.19485224462310   1.19611164121145  1.2593965883e-03
1.1200      1.19368814641381   1.19494285459113  1.2547081773e-03
1.1250      1.19253213019144   1.19378216222782  1.2500320364e-03
1.1300      1.19138412643470   1.19262949468698  1.2453682523e-03
1.1350      1.19024406638327   1.19148478329162  1.2407169083e-03
1.1400      1.18911188202739   1.19034796011203  1.2360780846e-03
1.1450      1.18798750609763   1.18921895795564  1.2314518580e-03
1.1500      1.18687087205490   1.18809771035705  1.2268383022e-03
1.1550      1.18576191408051   1.18698415156824  1.2222374877e-03
1.1600      1.18466056706649   1.18587821654889  1.2176494824e-03
1.1650      1.18356676660601   1.18477984095695  1.2130743509e-03
1.1700      1.18248044898397   1.18368896113926  1.2085121553e-03
1.1750      1.18140155116775   1.18260551412234  1.2039629546e-03
1.1800      1.18033001079808   1.18152943760345  1.1994268054e-03
1.1850      1.17926576618011   1.18046066994156  1.1949037614e-03
1.1900      1.17820875627459   1.17939915014872  1.1903938741e-03
1.1950      1.17715892068916   1.17834481788136  1.1858971922e-03
1.2000      1.17611619966981   1.17729761343186  1.1814137621e-03
1.2050      1.17508053409253   1.17625747772019  1.1769436277e-03
1.2100      1.17405186545498   1.17522435228567  1.1724868307e-03
1.2150      1.17303013586836   1.17419817927895  1.1680434106e-03
1.2200      1.17201528804943   1.17317890145400  1.1636134046e-03
1.2250      1.17100726531257   1.17216646216029  1.1591968477e-03
1.2300      1.17000601156205   1.17116080533509  1.1547937730e-03
1.2350      1.16901147128441   1.17016187549588  1.1504042115e-03
1.2400      1.16802358954086   1.16916961773286  1.1460281920e-03
1.2450      1.16704231195994   1.16818397770161  1.1416657417e-03
1.2500      1.16606758473022   1.16720490161583  1.1373168856e-03
1.2550      1.16509935459308   1.16623233624024  1.1329816472e-03
1.2600      1.16413756883567   1.16526622888350  1.1286600478e-03
1.2650      1.16318217528398   1.16430652739138  1.1243521074e-03
1.2700      1.16223312229591   1.16335318013986  1.1200578439e-03
1.2750      1.16129035875458   1.16240613602847  1.1157772739e-03
1.2800      1.16035383406167   1.16146534447370  1.1115104120e-03
1.2850      1.15942349813087   1.16053075540247  1.1072572716e-03
1.2900      1.15849930138144   1.15960231924573  1.1030178643e-03
1.2950      1.15758119473184   1.15867998693215  1.0987922003e-03
1.3000      1.15666912959351   1.15776370988191  1.0945802884e-03
1.3050      1.15576305786471   1.15685344000059  1.0903821359e-03
1.3100      1.15486293192441   1.15594912967311  1.0861977487e-03
1.3150      1.15396870462636   1.15505073175783  1.0820271315e-03
1.3200      1.15308032929321   1.15415819958067  1.0778702875e-03
1.3250      1.15219775971066   1.15327148692935  1.0737272187e-03
1.3300      1.15132095012180   1.15239054804773  1.0695979259e-03
1.3350      1.15044985522146   1.15151533763020  1.0654824087e-03
1.3400      1.14958443015068   1.15064581081615  1.0613806655e-03
1.3450      1.14872463049121   1.14978192318460  1.0572926934e-03
1.3500      1.14787041226018   1.14892363074877  1.0532184886e-03
1.3550      1.14702173190476   1.14807088995086  1.0491580461e-03
1.3600      1.14617854629698   1.14722365765685  1.0451113599e-03
1.3650      1.14534081272851   1.14638189115136  1.0410784229e-03
1.3700      1.14450848890564   1.14554554813261  1.0370592270e-03
1.3750      1.14368153294428   1.14471458670746  1.0330537632e-03
1.3800      1.14285990336502   1.14388896538648  1.0290620215e-03
1.3850      1.14204355908824   1.14306864307916  1.0250839909e-03
1.3900      1.14123245942941   1.14225357908912  1.0211196597e-03
1.3950      1.14042656409428   1.14144373310943  1.0171690151e-03
1.4000      1.13962583317429   1.14063906521797  1.0132320437e-03
1.4050      1.13883022714197   1.13983953587290  1.0093087309e-03
1.4100      1.13803970684642   1.13904510590813  1.0053990617e-03
1.4150      1.13725423350886   1.13825573652892  1.0015030201e-03
1.4200      1.13647376871823   1.13747138930748  9.9762058925e-04
1.4250      1.13569827442690   1.13669202617871  9.9375175181e-04
1.4300      1.13492771294636   1.13591760943590  9.8989648955e-04
1.4350      1.13416204694302   1.13514810172661  9.8605478359e-04
1.4400      1.13340123943410   1.13438346604846  9.8222661435e-04
1.4450      1.13264525378352   1.13362366574515  9.7841196163e-04
1.4500      1.13189405369785   1.13286866450238  9.7461080453e-04
1.4550      1.13114760322235   1.13211842634394  9.7082312158e-04
1.4600      1.13040586673709   1.13137291562777  9.6704889068e-04
1.4650      1.12966880895300   1.13063209704215  9.6328808915e-04
1.4700      1.12893639490816   1.12989593560189  9.5954069372e-04
1.4750      1.12820858996396   1.12916439664457  9.5580668060e-04
1.4800      1.12748535980144   1.12843744582688  9.5208602544e-04
1.4850      1.12676667041761   1.12771504912099  9.4837870338e-04
1.4900      1.12605248812188   1.12699717281092  9.4468468904e-04
1.4950      1.12534277953246   1.12628378348902  9.4100395656e-04
1.5000      1.12463751157290   1.12557484805250  9.3733647960e-04
1.5050      1.12393665146858   1.12487033369995  9.3368223138e-04
1.5100      1.12324016674335   1.12417020792798  9.3004118463e-04
1.5150      1.12254802521614   1.12347443852783  9.2641331169e-04
1.5200      1.12186019499763   1.12278299358210  9.2279858446e-04
1.5250      1.12117664448702   1.12209584146146  9.1919697444e-04
1.5300      1.12049734236874   1.12141295082147  9.1560845273e-04
1.5350      1.11982225760931   1.12073429059936  9.1203299005e-04
1.5400      1.11915135945417   1.12005983001093  9.0847055676e-04
1.5450      1.11848461742460   1.11938953854746  9.0492112286e-04
1.5500      1.11782200131464   1.11872338597264  9.0138465800e-04
1.5550      1.11716348118810   1.11806134231961  8.9786113150e-04
1.5600      1.11650902737554   1.11740337788791  8.9435051237e-04
1.5650      1.11585861047136   1.11674946324066  8.9085276930e-04
1.5700      1.11521220133090   1.11609956920157  8.8736787066e-04
1.5750      1.11456977106757   1.11545366685214  8.8389578457e-04
1.5800      1.11393129105002   1.11481172752886  8.8043647883e-04
1.5850      1.11329673289937   1.11417372282038  8.7698992101e-04
1.5900      1.11266606848645   1.11353962456484  8.7355607839e-04
1.5950      1.11203926992907   1.11290940484708  8.7013491801e-04
1.6000      1.11141630958940   1.11228303599606  8.6672640667e-04
1.6050      1.11079716007124   1.11166049058217  8.6333051093e-04
1.6100      1.11018179421748   1.11104174141463  8.5994719715e-04
1.6150      1.10957018510751   1.11042676153896  8.5657643145e-04
1.6200      1.10896230605465   1.10981552423439  8.5321817974e-04
1.6250      1.10835813060367   1.10920800301144  8.4987240777e-04
1.6300      1.10775763252831   1.10860417160937  8.4653908106e-04
1.6350      1.10716078582883   1.10800400399379  8.4321816496e-04
1.6400      1.10656756472959   1.10740747435424  8.3990962465e-04
1.6450      1.10597794367668   1.10681455710183  8.3661342515e-04
1.6500      1.10539189733557   1.10622522686688  8.3332953131e-04
1.6550      1.10480940058877   1.10563945849660  8.3005790783e-04
1.6600      1.10423042853357   1.10505722705282  8.2679851925e-04
1.6650      1.10365495647974   1.10447850780974  8.2355133000e-04
1.6700      1.10308295994732   1.10390327625169  8.2031630437e-04
1.6750      1.10251441466443   1.10333150807092  8.1709340649e-04
1.6800      1.10194929656504   1.10276317916546  8.1388260043e-04
1.6850      1.10138758178686   1.10219826563695  8.1068385009e-04
1.6900      1.10082924666922   1.10163674378852  8.0749711930e-04
1.6950      1.10027426775096   1.10107859012273  8.0432237177e-04
1.7000      1.09972262176834   1.10052378133947  8.0115957113e-04
1.7050      1.09917428565304   1.09997229433394  7.9800868090e-04
1.7100      1.09862923653010   1.09942410619463  7.9486966453e-04
1.7150      1.09808745171595   1.09887919420135  7.9174248540e-04
1.7200      1.09754890871645   1.09833753582323  7.8862710678e-04
1.7250      1.09701358522491   1.09779910871682  7.8552349191e-04
1.7300      1.09648145912020   1.09726389072414  7.8243160394e-04
1.7350      1.09595250846483   1.09673185987081  7.7935140598e-04
1.7400      1.09542671150310   1.09620299436418  7.7628286108e-04
1.7450      1.09490404665924   1.09567727259146  7.7322593222e-04
1.7500      1.09438449253558   1.09515467311794  7.7018058236e-04
1.7550      1.09386802791075   1.09463517468516  7.6714677441e-04
1.7600      1.09335463173788   1.09411875620912  7.6412447124e-04
1.7650      1.09284428314285   1.09360539677855  7.6111363570e-04
1.7700      1.09233696142258   1.09309507565317  7.5811423059e-04
1.7750      1.09183264604324   1.09258777226195  7.5512621871e-04
1.7800      1.09133131663863   1.09208346620144  7.5214956281e-04
1.7850      1.09083295300844   1.09158213723409  7.4918422565e-04
1.7900      1.09033753511664   1.09108376528660  7.4623016997e-04
1.7950      1.08984504308980   1.09058833044828  7.4328735848e-04
1.8000      1.08935545721551   1.09009581296943  7.4035575392e-04
1.8050      1.08886875794076   1.08960619325975  7.3743531899e-04
1.8100      1.08838492587037   1.08911945188678  7.3452601641e-04
1.8150      1.08790394176541   1.08863556957433  7.3162780892e-04
1.8200      1.08742578654169   1.08815452720092  7.2874065922e-04
1.8250      1.08695044126822   1.08767630579829  7.2586453007e-04
1.8300      1.08647788716570   1.08720088654990  7.2299938420e-04
1.8350      1.08600810560503   1.08672825078942  7.2014518439e-04
1.8400      1.08554107810585   1.08625837999928  7.1730189343e-04
1.8450      1.08507678633511   1.08579125580921  7.1446947411e-04
1.8500      1.08461521210557   1.08532685999483  7.1164788926e-04
1.8550      1.08415633737444   1.08486517447619  7.0883710175e-04
1.8600      1.08370014424197   1.08440618131642  7.0603707446e-04
1.8650      1.08324661495003   1.08394986272032  7.0324777030e-04
1.8700      1.08279573188077   1.08349620103299  7.0046915222e-04
1.8750      1.08234747755528   1.08304517873850  6.9770118322e-04
1.8800      1.08190183463220   1.08259677845852  6.9494382632e-04
1.8850      1.08145878590646   1.08215098295105  6.9219704458e-04
1.8900      1.08101831430792   1.08170777510904  6.8946080112e-04
1.8950      1.08058040290012   1.08126713795921  6.8673505909e-04
1.9000      1.08014503487896   1.08082905466065  6.8401978169e-04
1.9050      1.07971219357149   1.08039350850366  6.8131493217e-04
1.9100      1.07928186243461   1.07996048290845  6.7862047384e-04
1.9150      1.07885402505388   1.07952996142394  6.7593637006e-04
1.9200      1.07842866514227   1.07910192772649  6.7326258422e-04
1.9250      1.07800576653898   1.07867636561878  6.7059907980e-04
1.9300      1.07758531320822   1.07825325902854  6.6794582032e-04
1.9350      1.07716728923805   1.07783259200743  6.6530276938e-04
1.9400      1.07675167883922   1.07741434872982  6.6266989060e-04
1.9450      1.07633846634400   1.07699851349172  6.6004714772e-04
1.9500      1.07592763620506   1.07658507070955  6.5743450449e-04
1.9550      1.07551917299434   1.07617400491910  6.5483192476e-04
1.9600      1.07511306140192   1.07576530077437  6.5223937245e-04
1.9650      1.07470928623494   1.07535894304646  6.4965681152e-04
1.9700      1.07430783241652   1.07495491662255  6.4708420603e-04
1.9750      1.07390868498464   1.07455320650474  6.4452152009e-04
1.9800      1.07351182909114   1.07415379780905  6.4196871791e-04
1.9850      1.07311725000060   1.07375667576434  6.3942576374e-04
1.9900      1.07272493308936   1.07336182571129  6.3689262193e-04
1.9950      1.07233486384445   1.07296923310136  6.3436925691e-04
2.0000      1.07194702786259   1.07257888349575  6.3185563316e-04
2.0050      1.07156141084919   1.07219076256446  6.2935171527e-04
2.0100      1.07117799861733   1.07180485608522  6.2685746790e-04
2.0150      1.07079677708681   1.07142114994258  6.2437285577e-04
2.0200      1.07041773228314   1.07103963012686  6.2189784372e-04
2.0250      1.07004085033663   1.07066028273327  6.1943239664e-04
2.0300      1.06966611748136   1.07028309396089  6.1697647952e-04
2.0350      1.06929352005433   1.06990805011177  6.1453005744e-04
2.0400      1.06892304449445   1.06953513759000  6.1209309555e-04
2.0450      1.06855467734167   1.06916434290077  6.0966555910e-04
2.0500      1.06818840523603   1.06879565264945  6.0724741341e-04
2.0550      1.06782421491681   1.06842905354073  6.0483862391e-04
2.0600      1.06746209322158   1.06806453237770  6.0243915611e-04
2.0650      1.06710202708536   1.06770207606098  6.0004897561e-04
2.0700      1.06674400353974   1.06734167158784  5.9766804809e-04
2.0750      1.06638800971200   1.06698330605134  5.9529633934e-04
2.0800      1.06603403282427   1.06662696663950  5.9293381523e-04
2.0850      1.06568206019270   1.06627264063441  5.9058044172e-04
2.0900      1.06533207922658   1.06592031541144  5.8823618486e-04
2.0950      1.06498407742756   1.06556997843838  5.8590101082e-04
2.1000      1.06463804238883   1.06522161727466  5.8357488583e-04
2.1050      1.06429396179427   1.06487521957050  5.8125777623e-04
2.1100      1.06395182341768   1.06453077306615  5.7894964847e-04
2.1150      1.06361161512200   1.06418826559106  5.7665046906e-04
2.1200      1.06327332485850   1.06384768506314  5.7436020464e-04
2.1250      1.06293694066601   1.06350901948794  5.7207882192e-04
2.1300      1.06260245067018   1.06317225695792  5.6980628774e-04
2.1350      1.06226984308268   1.06283738565168  5.6754256900e-04
2.1400      1.06193910620048   1.06250439383320  5.6528763272e-04
2.1450      1.06161022840509   1.06217326985111  5.6304144601e-04
2.1500      1.06128319816185   1.06184400213794  5.6080397609e-04
2.1550      1.06095800401915   1.06151657920942  5.5857519027e-04
2.1600      1.06063463460779   1.06119098966374  5.5635505595e-04
2.1650      1.06031307864018   1.06086722218082  5.5414354065e-04
2.1700      1.05999332490970   1.06054526552167  5.5194061197e-04
2.1750      1.05967536228998   1.06022510852760  5.4974623762e-04
2.1800      1.05935917973421   1.05990674011963  5.4756038542e-04
2.1850      1.05904476627445   1.05959014929771  5.4538302326e-04
2.1900      1.05873211102095   1.05927532514012  5.4321411917e-04
2.1950      1.05842120316152   1.05896225680278  5.4105364125e-04
2.2000      1.05811203196082   1.05865093351854  5.3890155772e-04
2.2050      1.05780458675972   1.05834134459662  5.3675783689e-04
2.2100      1.05749885697467   1.05803347942185  5.3462244718e-04
2.2150      1.05719483209703   1.05772732745413  5.3249535709e-04
2.2200      1.05689250169245   1.05742287822772  5.3037653526e-04
2.2250      1.05659185540025   1.05712012135065  5.2826595040e-04
2.2300      1.05629288293276   1.05681904650410  5.2616357134e-04
2.2350      1.05599557407475   1.05651964344174  5.2406936699e-04
2.2400      1.05569991868280   1.05622190198919  5.2198330639e-04
2.2450      1.05540590668468   1.05592581204335  5.1990535867e-04
2.2500      1.05511352807878   1.05563136357183  5.1783549305e-04
2.2550      1.05482277293349   1.05533854661237  5.1577367888e-04
2.2600      1.05453363138667   1.05504735127224  5.1371988558e-04
2.2650      1.05424609364497   1.05475776772767  5.1167408270e-04
2.2700      1.05396014998337   1.05446978622324  5.0963623987e-04
2.2750      1.05367579074452   1.05418339707137  5.0760632685e-04
2.2800      1.05339300633824   1.05389859065172  5.0558431348e-04
2.2850      1.05311178724092   1.05361535741062  5.0357016970e-04
2.2900      1.05283212399499   1.05333368786057  5.0156386558e-04
2.2950      1.05255400720839   1.05305357257964  4.9956537126e-04
2.3000      1.05227742755398   1.05277500221097  4.9757465699e-04
2.3050      1.05200237576905   1.05249796746220  4.9559169315e-04
2.3100      1.05172884265478   1.05222245910496  4.9361645019e-04
2.3150      1.05145681907569   1.05194846797436  4.9164889867e-04
2.3200      1.05118629595917   1.05167598496842  4.8968900926e-04
2.3250      1.05091726429490   1.05140500104763  4.8773675272e-04
2.3300      1.05064971513441   1.05113550723435  4.8579209994e-04
2.3350      1.05038363959052   1.05086749461240  4.8385502188e-04
2.3400      1.05011902883688   1.05060095432649  4.8192548961e-04
2.3450      1.04985587410743   1.05033587758175  4.8000347431e-04
2.3500      1.04959416669598   1.05007225564324  4.7808894726e-04
2.3550      1.04933389795565   1.04981007983549  4.7618187984e-04
2.3600      1.04907505929844   1.04954934154196  4.7428224353e-04
2.3650      1.04881764219472   1.04929003220462  4.7239000990e-04
2.3700      1.04856163817280   1.04903214332345  4.7050515066e-04
2.3750      1.04830703881842   1.04877566645599  4.6862763757e-04
2.3800      1.04805383577433   1.04852059321685  4.6675744252e-04
2.3850      1.04780202073980   1.04826691527730  4.6489453751e-04
2.3900      1.04755158547017   1.04801462436477  4.6303889461e-04
2.3950      1.04730252177641   1.04776371226243  4.6119048601e-04
2.4000      1.04705482152470   1.04751417080871  4.5934928401e-04
2.4050      1.04680847663593   1.04726599189692  4.5751526099e-04
2.4100      1.04656347908533   1.04701916747477  4.5568838944e-04
2.4150      1.04631982090198   1.04677368954392  4.5386864195e-04
2.4200      1.04607749416842   1.04652955015962  4.5205599119e-04
2.4250      1.04583649102024   1.04628674143021  4.5025040997e-04
2.4300      1.04559680364559   1.04604525551676  4.4845187117e-04
2.4350      1.04535842428485   1.04580508463261  4.4666034776e-04
2.4400      1.04512134523016   1.04556622104300  4.4487581284e-04
2.4450      1.04488555882503   1.04532865706462  4.4309823959e-04
2.4500      1.04465105746395   1.04509238506523  4.4132760128e-04
2.4550      1.04441783359197   1.04485739746327  4.3956387130e-04
2.4600      1.04418587970430   1.04462368672743  4.3780702313e-04
2.4650      1.04395518834595   1.04439124537629  4.3605703033e-04
2.4700      1.04372575211131   1.04416006597790  4.3431386659e-04
2.4750      1.04349756364377   1.04393014114944  4.3257750567e-04
2.4800      1.04327061563533   1.04370146355677  4.3084792144e-04
2.4850      1.04304490082627   1.04347402591413  4.2912508786e-04
2.4900      1.04282041200470   1.04324782098369  4.2740897899e-04
2.4950      1.04259714200626   1.04302284157525  4.2569956899e-04
2.5000      1.04237508371369   1.04279908054580  4.2399683211e-04
2.5050      1.04215423005652   1.04257653079923  4.2230074271e-04
2.5100      1.04193457401068   1.04235518528590  4.2061127522e-04
2.5150      1.04171610859814   1.04213503700232  4.1892840418e-04
2.5200      1.04149882688657   1.04191607899081  4.1725210424e-04
2.5250      1.04128272198897   1.04169830433909  4.1558235012e-04
2.5300      1.04106778706335   1.04148170617999  4.1391911664e-04
2.5350      1.04085401531236   1.04126627769109  4.1226237873e-04
2.5400      1.04064139998297   1.04105201209436  4.1061211139e-04
2.5450      1.04042993436609   1.04083890265583  4.0896828975e-04
2.5500      1.04021961179629   1.04062694268528  4.0733088898e-04
2.5550      1.04001042565145   1.04041612553585  4.0569988440e-04
2.5600      1.03980236935239   1.04020644460377  4.0407525139e-04
2.5650      1.03959543636259   1.03999789332801  4.0245696542e-04
2.5700      1.03938962018788   1.03979046518995  4.0084500207e-04
2.5750      1.03918491437604   1.03958415371305  3.9923933701e-04
2.5800      1.03898131251659   1.03937895246258  3.9763994599e-04
2.5850      1.03877880824038   1.03917485504524  3.9604680486e-04
2.5900      1.03857739521934   1.03897185510890  3.9445988956e-04
2.5950      1.03837706716613   1.03876994634226  3.9287917613e-04
2.6000      1.03817781783388   1.03856912247455  3.9130464068e-04
2.6050      1.03797964101584   1.03836937727526  3.8973625942e-04
2.6100      1.03778253054510   1.03817070455377  3.8817400867e-04
2.6150      1.03758648029430   1.03797309815911  3.8661786481e-04
2.6200      1.03739148417532   1.03777655197965  3.8506780433e-04
2.6250      1.03719753613900   1.03758105994280  3.8352380380e-04
2.6300      1.03700463017483   1.03738661601471  3.8198583987e-04
2.6350      1.03681276031069   1.03719321420000  3.8045388932e-04
2.6400      1.03662192061253   1.03700084854148  3.7892792896e-04
2.6450      1.03643210518412   1.03680951311985  3.7740793573e-04
2.6500      1.03624330816676   1.03661920205340  3.7589388665e-04
2.6550      1.03605552373899   1.03642990949780  3.7438575881e-04
2.6600      1.03586874611633   1.03624162964575  3.7288352942e-04
2.6650      1.03568296955101   1.03605435672675  3.7138717574e-04
2.6700      1.03549818833168   1.03586808500683  3.6989667515e-04
2.6750      1.03531439678314   1.03568280878824  3.6841200509e-04
2.6800      1.03513158926613   1.03549852240924  3.6693314311e-04
2.6850      1.03494976017697   1.03531522024380  3.6546006682e-04
2.6900      1.03476890394741   1.03513289670135  3.6399275394e-04
2.6950      1.03458901504426   1.03495154622653  3.6253118227e-04
2.7000      1.03441008796923   1.03477116329891  3.6107532967e-04
2.7050      1.03423211725862   1.03459174243274  3.5962517413e-04
2.7100      1.03405509748306   1.03441327817675  3.5818069368e-04
2.7150      1.03387902324732   1.03423576511380  3.5674186647e-04
2.7200      1.03370388919001   1.03405919786072  3.5530867071e-04
2.7250      1.03352968998332   1.03388357106803  3.5388108471e-04
2.7300      1.03335642033286   1.03370887941969  3.5245908684e-04
2.7350      1.03318407497730   1.03353511763288  3.5104265558e-04
2.7400      1.03301264868826   1.03336228045774  3.4963176948e-04
2.7450      1.03284213626995   1.03319036267712  3.4822640717e-04
2.7500      1.03267253255903   1.03301935910640  3.4682654737e-04
2.7550      1.03250383242431   1.03284926459319  3.4543216888e-04
2.7600      1.03233603076658   1.03268007401716  3.4404325058e-04
2.7650      1.03216912251832   1.03251178228974  3.4265977142e-04
2.7700      1.03200310264351   1.03234438435396  3.4128171045e-04
2.7750      1.03183796613740   1.03217787518420  3.3990904680e-04
2.7800      1.03167370802627   1.03201224978593  3.3854175966e-04
2.7850      1.03151032336724   1.03184750319557  3.3717982833e-04
2.7900      1.03134780724801   1.03168363048016  3.3582323216e-04
2.7950      1.03118615478667   1.03152062673726  3.3447195059e-04
2.8000      1.03102536113149   1.03135848709464  3.3312596315e-04
2.8050      1.03086542146066   1.03119720671011  3.3178524944e-04
2.8100      1.03070633098215   1.03103678077130  3.3044978915e-04
2.8150      1.03054808493343   1.03087720449545  3.2911956202e-04
2.8200      1.03039067858129   1.03071847312919  3.2779454790e-04
2.8250      1.03023410722166   1.03056058194836  3.2647472670e-04
2.8300      1.03007836617936   1.03040352625777  3.2516007841e-04
2.8350      1.02992345080790   1.03024730139100  3.2385058310e-04
2.8400      1.02976935648932   1.03009190271024  3.2254622092e-04
2.8450      1.02961607863395   1.02993732560604  3.2124697209e-04
2.8500      1.02946361268021   1.02978356549713  3.1995281692e-04
2.8550      1.02931195409445   1.02963061783021  3.1866373577e-04
2.8600      1.02916109837071   1.02947847807981  3.1737970910e-04
2.8650      1.02901104103056   1.02932714174799  3.1610071743e-04
2.8700      1.02886177762290   1.02917660436427  3.1482674137e-04
2.8750      1.02871330372375   1.02902686148535  3.1355776159e-04
2.8800      1.02856561493608   1.02887790869493  3.1229375886e-04
2.8850      1.02841870688962   1.02872974160360  3.1103471398e-04
2.8900      1.02827257524066   1.02858235584853  3.0978060787e-04
2.8950      1.02812721567190   1.02843574709340  3.0853142149e-04
2.9000      1.02798262389224   1.02828991102814  3.0728713591e-04
2.9050      1.02783879563658   1.02814484336880  3.0604773222e-04
2.9100      1.02769572666568   1.02800053985732  3.0481319164e-04
2.9150      1.02755341276597   1.02785699626141  3.0358349543e-04
2.9200      1.02741184974937   1.02771420837430  3.0235862493e-04
2.9250      1.02727103345309   1.02757217201463  3.0113856154e-04
2.9300      1.02713095973950   1.02743088302625  2.9992328676e-04
2.9350      1.02699162449592   1.02729033727805  2.9871278213e-04
2.9400      1.02685302363447   1.02715053066376  2.9750702929e-04
2.9450      1.02671515309191   1.02701145910184  2.9630600993e-04
2.9500      1.02657800882943   1.02687311853524  2.9510970582e-04
2.9550      1.02644158683251   1.02673550493131  2.9391809879e-04
2.9600      1.02630588311078   1.02659861428155  2.9273117077e-04
2.9650      1.02617089369779   1.02646244260151  2.9154890372e-04
2.9700      1.02603661465092   1.02632698593061  2.9037127969e-04
2.9750      1.02590304205115   1.02619224033196  2.8919828081e-04
2.9800      1.02577017200296   1.02605820189221  2.8802988926e-04
2.9850      1.02563800063412   1.02592486672141  2.8686608729e-04
2.9900      1.02550652409557   1.02579223095280  2.8570685723e-04
2.9950      1.02537573856123   1.02566029074271  2.8455218148e-04
3.0000      1.02524564022789   1.02552904227037  2.8340204249e-04
3.0050      1.02511622531499   1.02539848173778  2.8225642279e-04
3.0100      1.02498749006455   1.02526860536953  2.8111530498e-04
3.0150      1.02485943074093   1.02513940941266  2.7997867173e-04
3.0200      1.02473204363074   1.02501089013650  2.7884650576e-04
3.0250      1.02460532504267   1.02488304383254  2.7771878987e-04
3.0300      1.02447927130736   1.02475586681428  2.7659550692e-04
3.0350      1.02435387877720   1.02462935541706  2.7547663985e-04
3.0400      1.02422914382626   1.02450350599791  2.7436217165e-04
3.0450      1.02410506285008   1.02437831493546  2.7325208539e-04
3.0500      1.02398163226555   1.02425377862973  2.7214636418e-04
3.0550      1.02385884851079   1.02412989350202  2.7104499123e-04
3.0600      1.02373670804498   1.02400665599476  2.6994794978e-04
3.0650      1.02361520734821   1.02388406257138  2.6885522317e-04
3.0700      1.02349434292138   1.02376210971615  2.6776679478e-04
3.0750      1.02337411128602   1.02364079393407  2.6668264805e-04
3.0800      1.02325450898420   1.02352011175070  2.6560276650e-04
3.0850      1.02313553257834   1.02340005971206  2.6452713372e-04
3.0900      1.02301717865111   1.02328063438445  2.6345573334e-04
3.0950      1.02289944380529   1.02316183235435  2.6238854906e-04
3.1000      1.02278232466363   1.02304365022829  2.6132556466e-04
3.1050      1.02266581786873   1.02292608463269  2.6026676396e-04
3.1100      1.02254992008288   1.02280913221375  2.5921213086e-04
3.1150      1.02243462798799   1.02269278963730  2.5816164931e-04
3.1200      1.02231993828539   1.02257705358872  2.5711530333e-04
3.1250      1.02220584769573   1.02246192077273  2.5607307699e-04
3.1300      1.02209235295890   1.02234738791334  2.5503495444e-04
3.1350      1.02197945083380   1.02223345175368  2.5400091988e-04
3.1400      1.02186713809834   1.02212010905590  2.5297095756e-04
3.1450      1.02175541154921   1.02200735660102  2.5194505181e-04
3.1500      1.02164426800180   1.02189519118882  2.5092318702e-04
3.1550      1.02153370429011   1.02178360963773  2.4990534762e-04
3.1600      1.02142371726655   1.02167260878467  2.4889151812e-04
3.1650      1.02131430380191   1.02156218548500  2.4788168308e-04
3.1700      1.02120546078517   1.02145233661230  2.4687582713e-04
3.1750      1.02109718512341   1.02134305905835  2.4587393494e-04
3.1800      1.02098947374169   1.02123434973294  2.4487599125e-04
3.1850      1.02088232358294   1.02112620556382  2.4388198087e-04
3.1900      1.02077573160784   1.02101862349649  2.4289188865e-04
3.1950      1.02066969479468   1.02091160049419  2.4190569951e-04
3.2000      1.02056421013929   1.02080513353771  2.4092339842e-04
3.2050      1.02045927465490   1.02069921962532  2.3994497042e-04
3.2100      1.02035488537203   1.02059385577261  2.3897040058e-04
3.2150      1.02025103933838   1.02048903901245  2.3799967407e-04
3.2200      1.02014773361871   1.02038476639479  2.3703277608e-04
3.2250      1.02004496529477   1.02028103498665  2.3606969187e-04
3.2300      1.01994273146513   1.02017784187190  2.3511040677e-04
3.2350      1.01984102924511   1.02007518415125  2.3415490614e-04
3.2400      1.01973985576668   1.01997305894210  2.3320317542e-04
3.2450      1.01963920817832   1.01987146337841  2.3225520009e-04
3.2500      1.01953908364494   1.01977039461063  2.3131096570e-04
3.2550      1.01943947934776   1.01966984980560  2.3037045784e-04
3.2600      1.01934039248424   1.01956982614640  2.2943366216e-04
3.2650      1.01924182026791   1.01947032083228  2.2850056438e-04
3.2700      1.01914375992833   1.01937133107858  2.2757115025e-04
3.2750      1.01904620871097   1.01927285411656  2.2664540559e-04
3.2800      1.01894916387708   1.01917488719337  2.2572331628e-04
3.2850      1.01885262270364   1.01907742757189  2.2480486825e-04
3.2900      1.01875658248321   1.01898047253067  2.2389004746e-04
3.2950      1.01866104052386   1.01888401936382  2.2297883997e-04
3.3000      1.01856599414907   1.01878806538091  2.2207123184e-04
3.3050      1.01847144069763   1.01869260790687  2.2116720923e-04
3.3100      1.01837737752354   1.01859764428187  2.2026675834e-04
3.3150      1.01828380199590   1.01850317186129  2.1936986539e-04
3.3200      1.01819071149884   1.01840918801555  2.1847651671e-04
3.3250      1.01809810343142   1.01831569013006  2.1758669863e-04
3.3300      1.01800597520753   1.01822267560510  2.1670039757e-04
3.3350      1.01791432425577   1.01813014185576  2.1581759999e-04
3.3400      1.01782314801943   1.01803808631180  2.1493829238e-04
3.3450      1.01773244395630   1.01794650641761  2.1406246131e-04
3.3500      1.01764220953868   1.01785539963207  2.1319009340e-04
3.3550      1.01755244225320   1.01776476342850  2.1232117530e-04
3.3600      1.01746313960079   1.01767459529452  2.1145569373e-04
3.3650      1.01737429909656   1.01758489273202  2.1059363546e-04
3.3700      1.01728591826973   1.01749565325703  2.0973498730e-04
3.3750      1.01719799466353   1.01740687439965  2.0887973613e-04
3.3800      1.01711052583511   1.01731855370395  2.0802786884e-04
3.3850      1.01702350935546   1.01723068872788  2.0717937242e-04
3.3900      1.01693694280933   1.01714327704321  2.0633423388e-04
3.3950      1.01685082379513   1.01705631623541  2.0549244028e-04
3.4000      1.01676514992484   1.01696980390359  2.0465397875e-04
3.4050      1.01667991882395   1.01688373766040  2.0381883644e-04
3.4100      1.01659512813137   1.01679811513195  2.0298700058e-04
3.4150      1.01651077549933   1.01671293395774  2.0215845841e-04
3.4200      1.01642685859329   1.01662819179056  2.0133319727e-04
3.4250      1.01634337509191   1.01654388629641  2.0051120450e-04
3.4300      1.01626032268690   1.01646001515442  1.9969246751e-04
3.4350      1.01617769908300   1.01637657605677  1.9887697377e-04
3.4400      1.01609550199785   1.01629356670862  1.9806471077e-04
3.4450      1.01601372916194   1.01621098482801  1.9725566608e-04
3.4500      1.01593237831852   1.01612882814579  1.9644982728e-04
3.4550      1.01585144722353   1.01604709440556  1.9564718202e-04
3.4600      1.01577093364552   1.01596578136353  1.9484771801e-04
3.4650      1.01569083536555   1.01588488678853  1.9405142298e-04
3.4700      1.01561115017715   1.01580440846187  1.9325828472e-04
3.4750      1.01553187588621   1.01572434417729  1.9246829107e-04
3.4800      1.01545301031094   1.01564469174085  1.9168142990e-04
3.4850      1.01537455128175   1.01556544897090  1.9089768915e-04
3.4900      1.01529649664120   1.01548661369799  1.9011705679e-04
3.4950      1.01521884424395   1.01540818376478  1.8933952083e-04
3.5000      1.01514159195663   1.01533015702598  1.8856506935e-04
3.5050      1.01506473765781   1.01525253134826  1.8779369045e-04
3.5100      1.01498827923792   1.01517530461021  1.8702537229e-04
3.5150      1.01491221459916   1.01509847470222  1.8626010307e-04
3.5200      1.01483654165544   1.01502203952647  1.8549787103e-04
3.5250      1.01476125833232   1.01494599699680  1.8473866448e-04
3.5300      1.01468636256692   1.01487034503866  1.8398247173e-04
3.5350      1.01461185230786   1.01479508158905  1.8322928118e-04
3.5400      1.01453772551518   1.01472020459644  1.8247908125e-04
3.5450      1.01446398016029   1.01464571202070  1.8173186041e-04
3.5500      1.01439061422588   1.01457160183304  1.8098760716e-04
3.5550      1.01431762570586   1.01449787201593  1.8024631007e-04
3.5600      1.01424501260530   1.01442452056303  1.7950795773e-04
3.5650      1.01417277294035   1.01435154547914  1.7877253879e-04
3.5700      1.01410090473819   1.01427894478012  1.7804004193e-04
3.5750      1.01402940603693   1.01420671649281  1.7731045589e-04
3.5800      1.01395827488557   1.01413485865500  1.7658376943e-04
3.5850      1.01388750934396   1.01406336931532  1.7585997136e-04
3.5900      1.01381710748266   1.01399224653322  1.7513905056e-04
3.5950      1.01374706738295   1.01392148837886  1.7442099592e-04
3.6000      1.01367738713672   1.01385109293309  1.7370579637e-04
3.6050      1.01360806484645   1.01378105828735  1.7299344091e-04
3.6100      1.01353909862507   1.01371138254362  1.7228391855e-04
3.6150      1.01347048659599   1.01364206381436  1.7157721838e-04
3.6200      1.01340222689296   1.01357310022245  1.7087332949e-04
3.6250      1.01333431766007   1.01350448990110  1.7017224104e-04
3.6300      1.01326675705163   1.01343623099384  1.6947394221e-04
3.6350      1.01319954323216   1.01336832165441  1.6877842225e-04
3.6400      1.01313267437629   1.01330076004672  1.6808567043e-04
3.6450      1.01306614866873   1.01323354434478  1.6739567606e-04
3.6500      1.01299996430418   1.01316667273267  1.6670842849e-04
3.6550      1.01293411948730   1.01310014340442  1.6602391713e-04
3.6600      1.01286861243263   1.01303395456403  1.6534213140e-04
3.6650      1.01280344136453   1.01296810442532  1.6466306079e-04
3.6700      1.01273860451716   1.01290259121196  1.6398669481e-04
3.6750      1.01267410013435   1.01283741315736  1.6331302301e-04
3.6800      1.01260992646960   1.01277256850460  1.6264203500e-04
3.6850      1.01254608178603   1.01270805550643  1.6197372040e-04
3.6900      1.01248256435626   1.01264387242515  1.6130806889e-04
3.6950      1.01241937246241   1.01258001753260  1.6064507019e-04
3.7000      1.01235650439604   1.01251648911008  1.5998471405e-04
3.7050      1.01229395845805   1.01245328544830  1.5932699025e-04
3.7100      1.01223173295869   1.01239040484732  1.5867188863e-04
3.7150      1.01216982621744   1.01232784561651  1.5801939907e-04
3.7200      1.01210823656300   1.01226560607445  1.5736951145e-04
3.7250      1.01204696233322   1.01220368454896  1.5672221574e-04
3.7300      1.01198600187505   1.01214207937696  1.5607750191e-04
3.7350      1.01192535354447   1.01208078890445  1.5543535998e-04
3.7400      1.01186501570646   1.01201981148649  1.5479578002e-04
3.7450      1.01180498673494   1.01195914548707  1.5415875213e-04
3.7500      1.01174526501271   1.01189878927913  1.5352426643e-04
3.7550      1.01168584893139   1.01183874124449  1.5289231310e-04
3.7600      1.01162673689141   1.01177899977375  1.5226288234e-04
3.7650      1.01156792730190   1.01171956326631  1.5163596441e-04
3.7700      1.01150941858068   1.01166043013027  1.5101154959e-04
3.7750      1.01145120915420   1.01160159878240  1.5038962820e-04
3.7800      1.01139329745747   1.01154306764806  1.4977019059e-04
3.7850      1.01133568193405   1.01148483516121  1.4915322716e-04
3.7900      1.01127836103595   1.01142689976429  1.4853872834e-04
3.7950      1.01122133322363   1.01136925990823  1.4792668459e-04
3.8000      1.01116459696592   1.01131191405234  1.4731708642e-04
3.8050      1.01110815073996   1.01125486066433  1.4670992437e-04
3.8100      1.01105199303120   1.01119809822020  1.4610518900e-04
3.8150      1.01099612233329   1.01114162520422  1.4550287093e-04
3.8200      1.01094053714809   1.01108544010890  1.4490296080e-04
3.8250      1.01088523598559   1.01102954143489  1.4430544930e-04
3.8300      1.01083021736385   1.01097392769098  1.4371032714e-04
3.8350      1.01077547980899   1.01091859739405  1.4311758506e-04
3.8400      1.01072102185512   1.01086354906899  1.4252721387e-04
3.8450      1.01066684204429   1.01080878124866  1.4193920437e-04
3.8500      1.01061293892648   1.01075429247390  1.4135354743e-04
3.8550      1.01055931105948   1.01070008129340  1.4077023392e-04
3.8600      1.01050595700893   1.01064614626372  1.4018925479e-04
3.8650      1.01045287534823   1.01059248594921  1.3961060099e-04
3.8700      1.01040006465847   1.01053909892197  1.3903426350e-04
3.8750      1.01034752352845   1.01048598376182  1.3846023336e-04
3.8800      1.01029525055459   1.01043313905623  1.3788850164e-04
3.8850      1.01024324434090   1.01038056340031  1.3731905941e-04
3.8900      1.01019150349892   1.01032825539675  1.3675189782e-04
3.8950      1.01014002664771   1.01027621365574  1.3618700803e-04
3.9000      1.01008881241377   1.01022443679500  1.3562438123e-04
3.9050      1.01003785943102   1.01017292343967  1.3506400864e-04
3.9100      1.00998716634076   1.01012167222230  1.3450588154e-04
3.9150      1.00993673179160   1.01007068178282  1.3394999122e-04
3.9200      1.00988655443944   1.01001995076845  1.3339632901e-04
3.9250      1.00983663294745   1.00996947783371  1.3284488626e-04
3.9300      1.00978696598598   1.00991926164035  1.3229565437e-04
3.9350      1.00973755223253   1.00986930085730  1.3174862477e-04
3.9400      1.00968839037175   1.00981959416067  1.3120378892e-04
3.9450      1.00963947909535   1.00977014023365  1.3066113830e-04
3.9500      1.00959081710209   1.00972093776653  1.3012066444e-04
3.9550      1.00954240309772   1.00967198545661  1.2958235890e-04
3.9600      1.00949423579494   1.00962328200820  1.2904621325e-04
3.9650      1.00944631391340   1.00957482613253  1.2851221913e-04
3.9700      1.00939863617960   1.00952661654779  1.2798036818e-04
3.9750      1.00935120132689   1.00947865197898  1.2745065209e-04
3.9800      1.00930400809543   1.00943093115798  1.2692306256e-04
3.9850      1.00925705523212   1.00938345282346  1.2639759134e-04
3.9900      1.00921034149060   1.00933621572081  1.2587423021e-04
3.9950      1.00916386563119   1.00928921860217  1.2535297097e-04
4.0000      1.00911762642087   1.00924246022634  1.2483380547e-04
4.0050      1.00907162263321   1.00919593935878  1.2431672557e-04
4.0100      1.00902585304836   1.00914965477153  1.2380172317e-04
4.0150      1.00898031645300   1.00910360524320  1.2328879020e-04
4.0200      1.00893501164032   1.00905778955894  1.2277791863e-04
4.0250      1.00888993740995   1.00901220651038  1.2226910043e-04
4.0300      1.00884509256796   1.00896685489561  1.2176232765e-04
4.0350      1.00880047592681   1.00892173351913  1.2125759232e-04
4.0400      1.00875608630530   1.00887684119182  1.2075488652e-04
4.0450      1.00871192252853   1.00883217673091  1.2025420238e-04
4.0500      1.00866798342792   1.00878773895994  1.1975553203e-04
4.0550      1.00862426784110   1.00874352670873  1.1925886763e-04
4.0600      1.00858077461191   1.00869953881332  1.1876420141e-04
4.0650      1.00853750259039   1.00865577411595  1.1827152557e-04
4.0700      1.00849445063268   1.00861223146506  1.1778083238e-04
4.0750      1.00845161760106   1.00856890971520  1.1729211414e-04
4.0800      1.00840900236386   1.00852580772701  1.1680536315e-04
4.0850      1.00836660379543   1.00848292436720  1.1632057177e-04
4.0900      1.00832442077616   1.00844025850852  1.1583773236e-04
4.0950      1.00828245219237   1.00839780902972  1.1535683735e-04
4.1000      1.00824069693634   1.00835557481549  1.1487787915e-04
4.1050      1.00819915390623   1.00831355475645  1.1440085023e-04
4.1100      1.00815782200607   1.00827174774915  1.1392574308e-04
4.1150      1.00811670014574   1.00823015269596  1.1345255022e-04
4.1200      1.00807578724091   1.00818876850510  1.1298126419e-04
4.1250      1.00803508221301   1.00814759409058  1.1251187757e-04
4.1300      1.00799458398921   1.00810662837218  1.1204438297e-04
4.1350      1.00795429150240   1.00806587027541  1.1157877301e-04
4.1400      1.00791420369112   1.00802531873147  1.1111504036e-04
4.1450      1.00787431949956   1.00798497267725  1.1065317769e-04
4.1500      1.00783463787753   1.00794483105526  1.1019317773e-04
4.1550      1.00779515778039   1.00790489281360  1.0973503321e-04
4.1600      1.00775587816906   1.00786515690597  1.0927873691e-04
4.1650      1.00771679800998   1.00782562229161  1.0882428162e-04
4.1700      1.00767791627508   1.00778628793524  1.0837166017e-04
4.1750      1.00763923194171   1.00774715280711  1.0792086540e-04
4.1800      1.00760074399268   1.00770821588287  1.0747189019e-04
4.1850      1.00756245141617   1.00766947614362  1.0702472745e-04
4.1900      1.00752435320573   1.00763093257584  1.0657937011e-04
4.1950      1.00748644836025   1.00759258417138  1.0613581113e-04
4.2000      1.00744873588390   1.00755442992739  1.0569404350e-04
4.2050      1.00741121478615   1.00751646884636  1.0525406021e-04
4.2100      1.00737388408169   1.00747869993601  1.0481585432e-04
4.2150      1.00733674279045   1.00744112220934  1.0437941888e-04
4.2200      1.00729978993753   1.00740373468452  1.0394474699e-04
4.2250      1.00726302455317   1.00736653638494  1.0351183176e-04
4.2300      1.00722644567278   1.00732952633912  1.0308066634e-04
4.2350      1.00719005233683   1.00729270358072  1.0265124389e-04
4.2400      1.00715384359088   1.00725606714849  1.0222355760e-04
4.2450      1.00711781848554   1.00721961608624  1.0179760071e-04
4.2500      1.00708197607641   1.00718334944285  1.0137336644e-04
4.2550      1.00704631542410   1.00714726627218  1.0095084808e-04
4.2600      1.00701083559418   1.00711136563309  1.0053003891e-04
4.2650      1.00697553565713   1.00707564658940  1.0011093227e-04
4.2700      1.00694041468835   1.00704010820985  9.9693521498e-05
4.2750      1.00690547176813   1.00700474956810  9.9277799964e-05
4.2800      1.00687070598159   1.00696956974266  9.8863761068e-05
4.2850      1.00683611641868   1.00693456781691  9.8451398231e-05
4.2900      1.00680170217415   1.00689974287905  9.8040704900e-05
4.2950      1.00676746234751   1.00686509402206  9.7631674547e-05
4.3000      1.00673339604304   1.00683062034371  9.7224300669e-05
4.3050      1.00669950236972   1.00679632094650  9.6818576787e-05
4.3100      1.00666578044121   1.00676219493765  9.6414496445e-05
4.3150      1.00663222937586   1.00672824142907  9.6012053215e-05
4.3200      1.00659884829665   1.00669445953734  9.5611240690e-05
4.3250      1.00656563633117   1.00666084838366  9.5212052488e-05
4.3300      1.00653259261161   1.00662740709386  9.4814482252e-05
4.3350      1.00649971627472   1.00659413479837  9.4418523649e-05
4.3400      1.00646700646179   1.00656103063216  9.4024170370e-05
4.3450      1.00643446231862   1.00652809373475  9.3631416128e-05
4.3500      1.00640208299550   1.00649532325016  9.3240254662e-05
4.3550      1.00636986764719   1.00646271832692  9.2850679734e-05
4.3600      1.00633781543288   1.00643027811801  9.2462685130e-05
4.3650      1.00630592551619   1.00639800178085  9.2076264657e-05
4.3700      1.00627419706513   1.00636588847728  9.1691412149e-05
4.3750      1.00624262925206   1.00633393737352  9.1308121462e-05
4.3800      1.00621122125370   1.00630214764018  9.0926386474e-05
4.3850      1.00617997225109   1.00627051845217  9.0546201088e-05
4.3900      1.00614888142954   1.00623904898877  9.0167559229e-05
4.3950      1.00611794797868   1.00620773843353  8.9790454844e-05
4.4000      1.00608717109235   1.00617658597426  8.9414881906e-05
4.4050      1.00605654996863   1.00614559080304  8.9040834407e-05
4.4100      1.00602608380980   1.00611475211617  8.8668306365e-05
4.4150      1.00599577182232   1.00608406911414  8.8297291819e-05
4.4200      1.00596561321681   1.00605354100164  8.7927784831e-05
4.4250      1.00593560720802   1.00602316698751  8.7559779485e-05
4.4300      1.00590575301482   1.00599294628470  8.7193269888e-05
4.4350      1.00587604986015   1.00596287811032  8.6828250169e-05
4.4400      1.00584649697104   1.00593296168552  8.6464714479e-05
4.4450      1.00581709357855   1.00590319623554  8.6102656991e-05
4.4500      1.00578783891777   1.00587358098967  8.5742071902e-05
4.4550      1.00575873222778   1.00584411518121  8.5382953428e-05
4.4600      1.00572977275166   1.00581479804747  8.5025295810e-05
4.4650      1.00570095973642   1.00578562882973  8.4669093307e-05
4.4700      1.00567229243303   1.00575660677323  8.4314340203e-05
4.4750      1.00564377009636   1.00572773112716  8.3961030803e-05
4.4800      1.00561539198517   1.00569900114460  8.3609159433e-05
4.4850      1.00558715736211   1.00567041608255  8.3258720440e-05
4.4900      1.00555906549366   1.00564197520186  8.2909708194e-05
4.4950      1.00553111565015   1.00561367776723  8.2562117084e-05
4.5000      1.00550330710570   1.00558552304722  8.2215941523e-05
4.5050      1.00547563913822   1.00555751031417  8.1871175944e-05
4.5100      1.00544811102941   1.00552963884421  8.1527814800e-05
4.5150      1.00542072206469   1.00550190791726  8.1185852566e-05
4.5200      1.00539347153323   1.00547431681697  8.0845283739e-05
4.5250      1.00536635872789   1.00544686483073  8.0506102835e-05
4.5300      1.00533938294522   1.00541955124961  8.0168304391e-05
4.5350      1.00531254348544   1.00539237536841  7.9831882966e-05
4.5400      1.00528583965243   1.00536533648556  7.9496833139e-05
4.5450      1.00525927075366   1.00533843390317  7.9163149510e-05
4.5500      1.00523283610025   1.00531166692694  7.8830826698e-05
4.5550      1.00520653500688   1.00528503486622  7.8499859343e-05
4.5600      1.00518036679181   1.00525853703392  7.8170242107e-05
4.5650      1.00515433077685   1.00523217274652  7.7841969670e-05
4.5700      1.00512842628734   1.00520594132407  7.7515036734e-05
4.5750      1.00510265265212   1.00517984209014  7.7189438020e-05
4.5800      1.00507700920354   1.00515387437181  7.6865168268e-05
4.5850      1.00505149527741   1.00512803749965  7.6542222241e-05
4.5900      1.00502611021300   1.00510233080772  7.6220594719e-05
4.5950      1.00500085335301   1.00507675363352  7.5900280504e-05
4.6000      1.00497572404358   1.00505130531799  7.5581274416e-05
4.6050      1.00495072163421   1.00502598520551  7.5263571295e-05
4.6100      1.00492584547782   1.00500079264382  7.4947166001e-05
4.6150      1.00490109493066   1.00497572698407  7.4632053415e-05
4.6200      1.00487646935235   1.00495078758078  7.4318228434e-05
4.6250      1.00485196810582   1.00492597379180  7.4005685977e-05
4.6300      1.00482759055732   1.00490128497830  7.3694420981e-05
4.6350      1.00480333607638   1.00487672050478  7.3384428404e-05
4.6400      1.00477920403581   1.00485227973903  7.3075703222e-05
4.6450      1.00475519381167   1.00482796205210  7.2768240429e-05
4.6500      1.00473130478327   1.00480376681831  7.2462035039e-05
4.6550      1.00470753633313   1.00477969341522  7.2157082086e-05
4.6600      1.00468388784698   1.00475574122360  7.1853376622e-05
4.6650      1.00466035871371   1.00473190962743  7.1550913717e-05
4.6700      1.00463694832543   1.00470819801389  7.1249688460e-05
4.6750      1.00461365607735   1.00468460577331  7.0949695961e-05
4.6800      1.00459048136785   1.00466113229920  7.0650931345e-05
4.6850      1.00456742359842   1.00463777698818  7.0353389758e-05
4.6900      1.00454448217364   1.00461453924000  7.0057066364e-05
4.6950      1.00452165650118   1.00459141845752  6.9761956344e-05
4.7000      1.00449894599178   1.00456841404668  6.9468054900e-05
4.7050      1.00447635005925   1.00454552541650  6.9175357250e-05
4.7100      1.00445386812040   1.00452275197903  6.8883858631e-05
4.7150      1.00443149959509   1.00450009314939  6.8593554298e-05
4.7200      1.00440924390618   1.00447754834570  6.8304439524e-05
4.7250      1.00438710047949   1.00445511698909  6.8016509601e-05
4.7300      1.00436506874384   1.00443279850367  6.7729759836e-05
4.7350      1.00434314813099   1.00441059231655  6.7444185559e-05
4.7400      1.00432133807566   1.00438849785777  6.7159782112e-05
4.7450      1.00429963801547   1.00436651456032  6.6876544858e-05
4.7500      1.00427804739095   1.00434464186013  6.6594469178e-05
4.7550      1.00425656564555   1.00432287919602  6.6313550469e-05
4.7600      1.00423519222557   1.00430122600971  6.6033784146e-05
4.7650      1.00421392658017   1.00427968174582  6.5755165643e-05
4.7700      1.00419276816139   1.00425824585180  6.5477690409e-05
4.7750      1.00417171642406   1.00423691777797  6.5201353911e-05
4.7800      1.00415077082585   1.00421569697748  6.4926151635e-05
4.7850      1.00412993082722   1.00419458290631  6.4652079082e-05
4.7900      1.00410919589144   1.00417357502322  6.4379131772e-05
4.7950      1.00408856548453   1.00415267278977  6.4107305240e-05
4.8000      1.00406803907527   1.00413187567031  6.3836595040e-05
4.8050      1.00404761613519   1.00411118313193  6.3566996742e-05
4.8100      1.00402729613853   1.00409059464446  6.3298505933e-05
4.8150      1.00400707856226   1.00407010968048  6.3031118217e-05
4.8200      1.00398696288606   1.00404972771528  6.2764829215e-05
4.8250      1.00396694859226   1.00402944822683  6.2499634563e-05
4.8300      1.00394703516590   1.00400927069581  6.2235529916e-05
4.8350      1.00392722209464   1.00398919460558  6.1972510945e-05
4.8400      1.00390750886880   1.00396921944213  6.1710573337e-05
4.8450      1.00388789498132   1.00394934469412  6.1449712795e-05
4.8500      1.00386837992778   1.00392956985282  6.1189925040e-05
4.8550      1.00384896320632   1.00390989441213  6.0931205807e-05
4.8600      1.00382964431770   1.00389031786855  6.0673550850e-05
4.8650      1.00381042276524   1.00387083972117  6.0416955937e-05
4.8700      1.00379129805480   1.00385145947166  6.0161416853e-05
4.8750      1.00377226969482   1.00383217662422  5.9906929400e-05
4.8800      1.00375333719626   1.00381299068565  5.9653489395e-05
4.8850      1.00373450007258   1.00379390116525  5.9401092670e-05
4.8900      1.00371575783976   1.00377490757483  5.9149735075e-05
4.8950      1.00369711001628   1.00375600942875  5.8899412476e-05
4.9000      1.00367855612308   1.00373720624384  5.8650120752e-05
4.9050      1.00366009568359   1.00371849753939  5.8401855801e-05
4.9100      1.00364172822367   1.00369988283721  5.8154613534e-05
4.9150      1.00362345327163   1.00368136166151  5.7908389879e-05
4.9200      1.00360527035821   1.00366293353899  5.7663180780e-05
4.9250      1.00358717901654   1.00364459799874  5.7418982197e-05
4.9300      1.00356917878219   1.00362635457230  5.7175790102e-05
4.9350      1.00355126919310   1.00360820279358  5.6933600487e-05
4.9400      1.00353344978957   1.00359014219892  5.6692409357e-05
4.9450      1.00351572011428   1.00357217232701  5.6452212731e-05
4.9500      1.00349807971227   1.00355429271892  5.6213006646e-05
4.9550      1.00348052813090   1.00353650291805  5.5974787152e-05
4.9600      1.00346306491987   1.00351880247018  5.5737550316e-05
4.9650      1.00344568963117   1.00350119092339  5.5501292219e-05
4.9700      1.00342840181913   1.00348366782809  5.5266008957e-05
4.9750      1.00341120104034   1.00346623273698  5.5031696641e-05
4.9800      1.00339408685368   1.00344888520507  5.4798351397e-05
4.9850      1.00337705882028   1.00343162478965  5.4565969366e-05
4.9900      1.00336011650355   1.00341445105025  5.4334546703e-05
4.9950      1.00334325946912   1.00339736354870  5.4104079579e-05
5.0000      1.00332648728485   1.00338036184903  5.3874564180e-05
###  max_n |e_n|=1.8493303035e-03