# Time t_n, Numerical sol. X_n, Exact sol. x(t_n), Error e_n
0.0000      0.10000000000000   0.10000000000000  0.0000000000e+00
0.0500      0.10450000000000   0.10459086082705  9.0860827051e-05
0.1000      0.10917898750000   0.10936687039096  1.8788289096e-04
0.1500      0.11404193430942   0.11433312283751  2.9118852809e-04
0.2000      0.11909375288584   0.11949463171139  4.0087882555e-04
0.2500      0.12433927443131   0.12485630525613  5.1703082481e-04
0.3000      0.12978322539457   0.13042292002939  6.3969463482e-04
0.3500      0.13543020238461   0.13619909286267  7.6889047806e-04
0.4000      0.14128464551795   0.14218925121544  9.0460569749e-04
0.4500      0.14735081024089   0.14839760199773  1.0467917568e-03
0.5000      0.15363273768900   0.15482809896025  1.1953612713e-03
0.5500      0.16013422366896   0.16148440877915  1.3501851102e-03
0.6000      0.16685878637290   0.16836987599182  1.5110896189e-03
0.6500      0.17380963296206   0.17548748697108  1.6778540090e-03
0.7000      0.18098962518464   0.18283983315737  1.8502079727e-03
0.7500      0.18840124422265   0.19042907380131  2.0278295787e-03
0.8000      0.19604655499255   0.19825689850220  2.2103435097e-03
0.8500      0.20392717015595   0.20632448986086  2.3973197049e-03
0.9000      0.21204421412736   0.21463248659653  2.5882724692e-03
0.9500      0.22039828739648   0.22318094750775  2.7826601113e-03
1.0000      0.22898943151194   0.23196931668407  2.9798851721e-03
1.0500      0.23781709510033   0.24099639039894  3.1792952986e-03
1.1000      0.24688010131925   0.25026028613346  3.3801848142e-03
1.1500      0.25617661716384   0.25975841419433  3.5817970305e-03
1.2000      0.26570412506296   0.26948745239660  3.7833273336e-03
1.2500      0.27545939721233   0.27944332428252  3.9839270702e-03
1.3000      0.28543847309732   0.28962118133972  4.1827082424e-03
1.3500      0.29563664065598   0.30001538966626  4.3787490103e-03
1.4000      0.30604842152386   0.31061952150433  4.5710999805e-03
1.4500      0.31666756078419   0.32142635203015  4.7587912460e-03
1.5000      0.32748702162075   0.33242786174312  4.9408401224e-03
1.5500      0.33849898523529   0.34361524474398  5.1162595087e-03
1.6000      0.34969485634678   0.35497892312895  5.2840667822e-03
1.6500      0.36106527453635   0.36650856765617  5.4432931198e-03
1.7000      0.37260013163937   0.37819312476263  5.5929931233e-03
1.7500      0.38428859531645   0.39002084992529  5.7322546088e-03
1.8000      0.39611913885776   0.40197934727164  5.8602084139e-03
1.8500      0.40807957719218   0.41405561525273  5.9760380606e-03
1.9000      0.42015710898572   0.42623609809960  6.0789891139e-03
1.9500      0.43233836462345   0.43850674269184  6.1683780684e-03
2.0000      0.44460945977835   0.45085306037928  6.2436006009e-03
2.0500      0.45695605418105   0.46326019321435  6.3041390333e-03
2.1000      0.46936341511747   0.47571298397723  6.3495688598e-03
2.1500      0.48181648510081   0.48819604930999  6.3795642092e-03
2.2000      0.49429995309010   0.50069385522055  6.3939021304e-03
2.2500      0.50679832856336   0.51319079417500  6.3924656116e-03
2.3000      0.51929601769980   0.52567126296837  6.3752452686e-03
2.3500      0.53177740088485   0.53811974054940  6.3423396646e-03
2.4000      0.54422691072450   0.55052086497619  6.2939542517e-03
2.4500      0.55662910974288   0.56285950869495  6.2303989521e-03
2.5000      0.56896876693937   0.57512085136451  6.1520844251e-03
2.5500      0.58123093239871   0.58729044949311  6.0595170944e-03
2.6000      0.59340100917980   0.59935430221022  5.9532930304e-03
2.6500      0.60546482175401   0.61129891256369  5.8340908097e-03
2.7000      0.61740868032263   0.62311134380854  5.7026634859e-03
2.7500      0.62921944041187   0.63477927023798  5.5598298261e-03
2.8000      0.64088455722285   0.64629102219555  5.4064649727e-03
2.8500      0.65239213429966   0.65763562499933  5.2434906997e-03
2.9000      0.66373096616984   0.66880283160182  5.0718654320e-03
2.9500      0.67489057470569   0.67978314890059  4.8925741949e-03
3.0000      0.68586123904965   0.69056785770302  4.7066186534e-03
3.0500      0.69663401904060   0.70114902643240  4.5150073918e-03
3.1000      0.70720077216839   0.71151951873988  4.3187465715e-03
3.1500      0.71755416416903   0.72167299525669  4.1188310877e-03
3.2000      0.72768767345167   0.73160390978263  3.9162363310e-03
3.2500      0.73759558961958   0.74130750025951  3.7119106399e-03
3.3000      0.74727300640924   0.75077977492108  3.5067685118e-03
3.3500      0.75671580942431   0.76001749404484  3.3016846205e-03
3.4000      0.76592065908389   0.76901814775519  3.0974886713e-03
3.4500      0.77488496923751   0.77777993034265  2.8949611051e-03
3.5000      0.78360688192188   0.78630171157068  2.6948296488e-03
3.5500      0.79208523874820   0.79458300544014  2.4977666919e-03
3.6000      0.80031954941347   0.80262393687377  2.3043874603e-03
3.6500      0.80830995782548   0.81042520676807  2.1152489426e-03
3.7000      0.81605720632076   0.81798805584095  1.9308495202e-03
3.7500      0.82356259843740   0.82531422767889  1.7516292415e-03
3.8000      0.83082796068202   0.83240593136036  1.5779706783e-03
3.8500      0.83785560370357   0.83926580400188  1.4102002983e-03
3.9000      0.84464828325587   0.84589687354143  1.2485902856e-03
3.9500      0.85120916129831   0.85230252204118  1.0933607429e-03
4.0000      0.85754176754932   0.85848644975821  9.4468220890e-04
4.0500      0.86364996177220   0.86445264019916  8.0267842696e-04
4.1000      0.86953789703736   0.87020532634274  6.6742930539e-04
4.1500      0.87520998417002   0.87574895818320  5.3897401319e-04
4.2000      0.88067085755897   0.88108817171844  4.1731415946e-04
4.2500      0.88592534246924   0.88622775947926  3.0241701002e-04
4.3000      0.89097842397124   0.89117264267076  1.9421869952e-04
4.3500      0.89583521757069   0.89592784497363  9.2627402941e-05
4.4000      0.90050094159723   0.90049846803201  2.4735652188e-06
4.4500      0.90498089138621   0.90488966863613  9.1222750087e-05
4.5000      0.90928041526681   0.90910663759098  1.7377767584e-04
4.5500      0.91340489235077   0.91315458024820  2.5031210257e-04
4.6000      0.91735971209979   0.91703869866585  3.2101343394e-04
4.6500      0.92115025563559   0.92076417535054  3.8608028505e-04
4.7000      0.92478187874449   0.92433615852766  4.4572021683e-04
4.7500      0.92825989651901   0.92775974887879  5.0014764021e-04
4.8000      0.93158956957068   0.93103998767985  5.4958189083e-04
4.8500      0.93477609174257   0.93418184626990  5.9424547267e-04
4.9000      0.93782457924503   0.93719021677757  6.3436246745e-04
4.9500      0.94074006113547   0.94006990403070  6.7015710477e-04
5.0000      0.94352747106099   0.94282561857401  7.0185248697e-04
###  max_n |e_n|=6.3939021304e-03