# Time t_n, Numerical sol. X_n, Exact sol. x(t_n), Error e_n
0.0000      2.00000000000000   2.00000000000000  0.0000000000e+00
0.5000      1.00000000000000   1.43526659839358  4.3526659839e-01
1.0000      1.00000000000000   1.22539967356056  2.2539967356e-01
1.5000      1.00000000000000   1.12557484805250  1.2557484805e-01
2.0000      1.00000000000000   1.07257888349575  7.2578883496e-02
2.5000      1.00000000000000   1.04279908054580  4.2799080546e-02
3.0000      1.00000000000000   1.02552904227037  2.5529042270e-02
3.5000      1.00000000000000   1.01533015702598  1.5330157026e-02
4.0000      1.00000000000000   1.00924246022634  9.2424602263e-03
4.5000      1.00000000000000   1.00558552304722  5.5855230472e-03
5.0000      1.00000000000000   1.00338036184903  3.3803618490e-03
###  max_n |e_n|=4.3526659839e-01