# Time t_n, Numerical sol. X_n, Exact sol. x(t_n), Error e_n
0.0000      0.10000000000000   0.10000000000000  0.0000000000e+00
0.0050      0.10045089949375   0.10045090086235  1.3685982764e-09
0.0100      0.10090360415143   0.10090360689755  2.7461108526e-09
0.0150      0.10135811914238   0.10135812327493  4.1325544237e-09
0.0200      0.10181444963190   0.10181445515984  5.5279453098e-09
0.0250      0.10227260078108   0.10227260771338  6.9322996649e-09
0.0300      0.10273257774659   0.10273258609222  8.3456332955e-09
0.0350      0.10319438568044   0.10319439544840  9.7679616756e-09
0.0400      0.10365802972978   0.10365804092908  1.1199300154e-08
0.0450      0.10412351503670   0.10412352767636  1.2639663594e-08
0.0500      0.10459084673798   0.10459086082705  1.4089066677e-08
0.0550      0.10506002996491   0.10506004551244  1.5547523741e-08
0.0600      0.10553106984304   0.10553108685809  1.7015048800e-08
0.0650      0.10600397149195   0.10600398998361  1.8491655623e-08
0.0700      0.10647874002507   0.10647876000242  1.9977357629e-08
0.0750      0.10695538054940   0.10695540202157  2.1472167877e-08
0.0800      0.10743389816533   0.10743392114143  2.2976099218e-08
0.0850      0.10791429796638   0.10791432245554  2.4489164085e-08
0.0900      0.10839658503897   0.10839661105035  2.6011374624e-08
0.0950      0.10888076446222   0.10888079200497  2.7542742642e-08
0.1000      0.10936684130768   0.10936687039096  2.9083279632e-08
0.1050      0.10985482063909   0.10985485127208  3.0632996723e-08
0.1100      0.11034470751217   0.11034473970408  3.2191904711e-08
0.1150      0.11083650697439   0.11083654073441  3.3760014118e-08
0.1200      0.11133022406468   0.11133025940201  3.5337335030e-08
0.1250      0.11182586381321   0.11182590073709  3.6923877178e-08
0.1300      0.11232343124118   0.11232346976083  3.8519650039e-08
0.1350      0.11282293136053   0.11282297148519  4.0124662648e-08
0.1400      0.11332436917369   0.11332441091261  4.1738923748e-08
0.1450      0.11382774967337   0.11382779303582  4.3362441568e-08
0.1500      0.11433307784229   0.11433312283751  4.4995224241e-08
0.1550      0.11484035865289   0.11484040529017  4.6637279247e-08
0.1600      0.11534959706714   0.11534964535575  4.8288613913e-08
0.1650      0.11586079803624   0.11586084798547  4.9949235040e-08
0.1700      0.11637396650037   0.11637401811952  5.1619149094e-08
0.1750      0.11688910738844   0.11688916068680  5.3298362210e-08
0.1800      0.11740622561782   0.11740628060470  5.4986880119e-08
0.1850      0.11792532609408   0.11792538277879  5.6684708080e-08
0.1900      0.11844641371074   0.11844647210259  5.8391851104e-08
0.1950      0.11896949334895   0.11896955345726  6.0108313646e-08
0.2000      0.11949456987729   0.11949463171139  6.1834099896e-08
0.2050      0.12002164815148   0.12002171172069  6.3569213546e-08
0.2100      0.12055073301407   0.12055079832773  6.5313657940e-08
0.2150      0.12108182929421   0.12108189636165  6.7067435980e-08
0.2200      0.12161494180737   0.12161501063793  6.8830550218e-08
0.2250      0.12215007535505   0.12215014595805  7.0603002694e-08
0.2300      0.12268723472448   0.12268730710928  7.2384795088e-08
0.2350      0.12322642468842   0.12322649886435  7.4175928649e-08
0.2400      0.12376765000478   0.12376772598118  7.5976404210e-08
0.2450      0.12431091541640   0.12431099320262  7.7786222144e-08
0.2500      0.12485622565075   0.12485630525613  7.9605382453e-08
0.2550      0.12540358541964   0.12540366685352  8.1433884608e-08
0.2600      0.12595299941893   0.12595308269066  8.3271727735e-08
0.2650      0.12650447232827   0.12650455744718  8.5118910503e-08
0.2700      0.12705800881074   0.12705809578617  8.6975431024e-08
0.2750      0.12761361351263   0.12761370235392  8.8841287132e-08
0.2800      0.12817129106312   0.12817138177960  9.0716476081e-08
0.2850      0.12873104607397   0.12873113867496  9.2600994789e-08
0.2900      0.12929288313923   0.12929297763407  9.4494839564e-08
0.2950      0.12985680683496   0.12985690323297  9.6398006355e-08
0.3000      0.13042282171890   0.13042292002939  9.8310490665e-08
0.3050      0.13099093233020   0.13099103256248  1.0023228744e-07
0.3100      0.13156114318907   0.13156124535246  1.0216339127e-07
0.3150      0.13213345879653   0.13213356290032  1.0410379617e-07
0.3200      0.13270788363406   0.13270798968756  1.0605349571e-07
0.3250      0.13328442216333   0.13328453017581  1.0801248301e-07
0.3300      0.13386307882584   0.13386318880659  1.0998075073e-07
0.3350      0.13444385804265   0.13444397000095  1.1195829097e-07
0.3400      0.13502676421408   0.13502687815917  1.1394509536e-07
0.3450      0.13561180171932   0.13561191766047  1.1594115507e-07
0.3500      0.13619897491621   0.13619909286267  1.1794646076e-07
0.3550      0.13678828814085   0.13678840810185  1.1996100263e-07
0.3600      0.13737974570732   0.13737986769209  1.2198477031e-07
0.3650      0.13797335190736   0.13797347592512  1.2401775301e-07
0.3700      0.13856911101002   0.13856923706996  1.2605993932e-07
0.3750      0.13916702726136   0.13916715537268  1.2811131747e-07
0.3800      0.13976710488413   0.13976723505600  1.3017187508e-07
0.3850      0.14036934807741   0.14036948031901  1.3224159928e-07
0.3900      0.14097376101634   0.14097389533682  1.3432047671e-07
0.3950      0.14158034785174   0.14158048426023  1.3640849342e-07
0.4000      0.14218911270980   0.14218925121544  1.3850563502e-07
0.4050      0.14280005969177   0.14280020030365  1.4061188655e-07
0.4100      0.14341319287357   0.14341333560080  1.4272723253e-07
0.4150      0.14402851630552   0.14402866115717  1.4485165703e-07
0.4200      0.14464603401197   0.14464618099711  1.4698514339e-07
0.4250      0.14526574999096   0.14526589911864  1.4912767471e-07
0.4300      0.14588766821392   0.14588781949315  1.5127923328e-07
0.4350      0.14651179262528   0.14651194606508  1.5343980100e-07
0.4400      0.14713812714216   0.14713828275152  1.5560935915e-07
0.4450      0.14776667565403   0.14776683344192  1.5778788856e-07
0.4500      0.14839744202236   0.14839760199773  1.5997536942e-07
0.4550      0.14903043008028   0.14903059225206  1.6217178145e-07
0.4600      0.14966564363220   0.14966580800931  1.6437710379e-07
0.4650      0.15030308645355   0.15030325304487  1.6659131499e-07
0.4700      0.15094276229034   0.15094293110473  1.6881439316e-07
0.4750      0.15158467485886   0.15158484590517  1.7104631567e-07
0.4800      0.15222882784532   0.15222900113238  1.7328705951e-07
0.4850      0.15287522490552   0.15287540044212  1.7553660098e-07
0.4900      0.15352386966445   0.15352404745936  1.7779491596e-07
0.4950      0.15417476571598   0.15417494577795  1.8006197963e-07
0.5000      0.15482791662249   0.15482809896025  1.8233776669e-07
0.5050      0.15548332591453   0.15548351053678  1.8462225115e-07
0.5100      0.15614099709043   0.15614118400584  1.8691540668e-07
0.5150      0.15680093361599   0.15680112283320  1.8921720610e-07
0.5200      0.15746313892409   0.15746333045171  1.9152762187e-07
0.5250      0.15812761641433   0.15812781026096  1.9384662581e-07
0.5300      0.15879436945270   0.15879456562689  1.9617418912e-07
0.5350      0.15946340137117   0.15946359988145  1.9851028249e-07
0.5400      0.16013471546740   0.16013491632227  2.0085487595e-07
0.5450      0.16080831500429   0.16080851821223  2.0320793906e-07
0.5500      0.16148420320971   0.16148440877915  2.0556944066e-07
0.5550      0.16216238327607   0.16216259121542  2.0793934916e-07
0.5600      0.16284285835997   0.16284306867760  2.1031763228e-07
0.5650      0.16352563158185   0.16352584428610  2.1270425712e-07
0.5700      0.16421070602561   0.16421092112480  2.1509919038e-07
0.5750      0.16489808473826   0.16489830224065  2.1750239793e-07
0.5800      0.16558777072952   0.16558799064337  2.1991384519e-07
0.5850      0.16627976697151   0.16627998930501  2.2233349700e-07
0.5900      0.16697407639832   0.16697430115964  2.2476131761e-07
0.5950      0.16767070190566   0.16767092910293  2.2719727055e-07
0.6000      0.16836964635050   0.16836987599182  2.2964131891e-07
0.6050      0.16907091255072   0.16907114464415  2.3209342509e-07
0.6100      0.16977450328469   0.16977473783825  2.3455355094e-07
0.6150      0.17048042129094   0.17048065831260  2.3702165769e-07
0.6200      0.17118866926776   0.17118890876546  2.3949770603e-07
0.6250      0.17189924987283   0.17189949185449  2.4198165596e-07
0.6300      0.17261216572290   0.17261241019637  2.4447346694e-07
0.6350      0.17332741939334   0.17332766636643  2.4697309786e-07
0.6400      0.17404501341780   0.17404526289830  2.4948050692e-07
0.6450      0.17476495028785   0.17476520228350  2.5199565182e-07
0.6500      0.17548723245259   0.17548748697108  2.5451848959e-07
0.6550      0.17621186231829   0.17621211936727  2.5704897672e-07
0.6600      0.17693884224799   0.17693910183506  2.5958706903e-07
0.6650      0.17766817456115   0.17766843669387  2.6213272178e-07
0.6700      0.17839986153326   0.17840012621915  2.6468588962e-07
0.6750      0.17913390539546   0.17913417264199  2.6724652669e-07
0.6800      0.17987030833421   0.17987057814879  2.6981458634e-07
0.6850      0.18060907249083   0.18060934488086  2.7239002148e-07
0.6900      0.18135019996123   0.18135047493401  2.7497278440e-07
0.6950      0.18209369279543   0.18209397035826  2.7756282669e-07
0.7000      0.18283955299727   0.18283983315737  2.8016009945e-07
0.7050      0.18358778252398   0.18358806528854  2.8276455316e-07
0.7100      0.18433838328583   0.18433866866197  2.8537613764e-07
0.7150      0.18509135714574   0.18509164514055  2.8799480215e-07
0.7200      0.18584670591893   0.18584699653943  2.9062049539e-07
0.7250      0.18660443137252   0.18660472462568  2.9325316547e-07
0.7300      0.18736453522515   0.18736483111791  2.9589275982e-07
0.7350      0.18812701914665   0.18812731768587  2.9853922534e-07
0.7400      0.18889188475761   0.18889218595012  3.0119250830e-07
0.7450      0.18965913362904   0.18965943748160  3.0385255442e-07
0.7500      0.19042876728200   0.19042907380131  3.0651930880e-07
0.7550      0.19120078718720   0.19120109637991  3.0919271596e-07
0.7600      0.19197519476465   0.19197550663737  3.1187271976e-07
0.7650      0.19275199138328   0.19275230594254  3.1455926366e-07
0.7700      0.19353117836057   0.19353149561286  3.1725229035e-07
0.7750      0.19431275696218   0.19431307691392  3.1995174196e-07
0.7800      0.19509672840157   0.19509705105913  3.2265756006e-07
0.7850      0.19588309383966   0.19588341920934  3.2536968575e-07
0.7900      0.19667185438440   0.19667218247246  3.2808805936e-07
0.7950      0.19746301109048   0.19746334190310  3.3081262080e-07
0.8000      0.19825656495889   0.19825689850220  3.3354330922e-07
0.8050      0.19905251693662   0.19905285321668  3.3628006338e-07
0.8100      0.19985086791621   0.19985120693903  3.3902282143e-07
0.8150      0.20065161873548   0.20065196050700  3.4177152081e-07
0.8200      0.20145477017709   0.20145511470319  3.4452609862e-07
0.8250      0.20226032296823   0.20226067025472  3.4728649115e-07
0.8300      0.20306827778019   0.20306862783283  3.5005263421e-07
0.8350      0.20387863522809   0.20387898805255  3.5282446317e-07
0.8400      0.20469139587043   0.20469175147234  3.5560191272e-07
0.8450      0.20550656020879   0.20550691859371  3.5838491708e-07
0.8500      0.20632412868746   0.20632448986086  3.6117340971e-07
0.8550      0.20714410169304   0.20714446566036  3.6396732375e-07
0.8600      0.20796647955415   0.20796684632074  3.6676659165e-07
0.8650      0.20879126254103   0.20879163211218  3.6957114541e-07
0.8700      0.20961845086521   0.20961882324612  3.7238091632e-07
0.8750      0.21044804467912   0.21044841987496  3.7519583546e-07
0.8800      0.21128004407581   0.21128042209164  3.7801583297e-07
0.8850      0.21211444908851   0.21211482992935  3.8084083870e-07
0.8900      0.21295125969036   0.21295164336114  3.8367078181e-07
0.8950      0.21379047579402   0.21379086229961  3.8650559117e-07
0.9000      0.21463209725134   0.21463248659653  3.8934519497e-07
0.9050      0.21547612385301   0.21547651604253  3.9218952080e-07
0.9100      0.21632255532822   0.21632295036672  3.9503849589e-07
0.9150      0.21717139134435   0.21717178923639  3.9789204684e-07
0.9200      0.21802263150656   0.21802303225666  4.0075009980e-07
0.9250      0.21887627535752   0.21887667897010  4.0361258033e-07
0.9300      0.21973232237705   0.21973272885646  4.0647941368e-07
0.9350      0.22059077198179   0.22059118133231  4.0935052439e-07
0.9400      0.22145162352486   0.22145203575070  4.1222583660e-07
0.9450      0.22231487629556   0.22231529140083  4.1510527390e-07
0.9500      0.22318052951899   0.22318094750775  4.1798875949e-07
0.9550      0.22404858235579   0.22404900323201  4.2087621596e-07
0.9600      0.22491903390176   0.22491945766932  4.2376756557e-07
0.9650      0.22579188318756   0.22579230985029  4.2666272987e-07
0.9700      0.22666712917842   0.22666755874005  4.2956163035e-07
0.9750      0.22754477077378   0.22754520323797  4.3246418749e-07
0.9800      0.22842480680699   0.22842524217731  4.3537032179e-07
0.9850      0.22930723604501   0.22930767432497  4.3827995305e-07
0.9900      0.23019205718809   0.23019249838110  4.4119300055e-07
0.9950      0.23107926886947   0.23107971297885  4.4410938338e-07
1.0000      0.23196886965505   0.23196931668407  4.4702901991e-07
1.0050      0.23286085804314   0.23286130799497  4.4995182838e-07
1.0100      0.23375523246410   0.23375568534183  4.5287772621e-07
1.0150      0.23465199128008   0.23465244708671  4.5580663072e-07
1.0200      0.23555113278473   0.23555159152319  4.5873845866e-07
1.0250      0.23645265520288   0.23645311687601  4.6167312645e-07
1.0300      0.23735655669027   0.23735702130082  4.6461054995e-07
1.0350      0.23826283533326   0.23826330288391  4.6755064470e-07
1.0400      0.23917148914856   0.23917195964188  4.7049332597e-07
1.0450      0.24008251608290   0.24008298952141  4.7343850831e-07
1.0500      0.24099591401283   0.24099639039894  4.7638610629e-07
1.0550      0.24191168074439   0.24191216008042  4.7933603370e-07
1.0600      0.24282981401283   0.24283029630103  4.8228820423e-07
1.0650      0.24375031148240   0.24375079672493  4.8524253105e-07
1.0700      0.24467317074602   0.24467365894495  4.8819892703e-07
1.0750      0.24559838932507   0.24559888048237  4.9115730469e-07
1.0800      0.24652596466908   0.24652645878665  4.9411757619e-07
1.0850      0.24745589415552   0.24745639123517  4.9707965316e-07
1.0900      0.24838817508953   0.24838867513297  5.0004344732e-07
1.0950      0.24932280470366   0.24932330771253  5.0300886945e-07
1.1000      0.25025978015763   0.25026028613346  5.0597583062e-07
1.1050      0.25119909853812   0.25119960748236  5.0894424114e-07
1.1100      0.25214075685846   0.25214126877247  5.1191401118e-07
1.1150      0.25308475205848   0.25308526694353  5.1488505060e-07
1.1200      0.25403108100420   0.25403159886147  5.1785726896e-07
1.1250      0.25497974048766   0.25498026131823  5.2083057528e-07
1.1300      0.25593072722666   0.25593125103154  5.2380487880e-07
1.1350      0.25688403786457   0.25688456464466  5.2678008799e-07
1.1400      0.25783966897009   0.25784019872620  5.2975611131e-07
1.1450      0.25879761703702   0.25879814976987  5.3273285677e-07
1.1500      0.25975787848410   0.25975841419433  5.3571023234e-07
1.1550      0.26072044965477   0.26072098834292  5.3868814553e-07
1.1600      0.26168532681698   0.26168586848348  5.4166650371e-07
1.1650      0.26265250616298   0.26265305080820  5.4464521404e-07
1.1700      0.26362198380915   0.26362253143334  5.4762418328e-07
1.1750      0.26459375579579   0.26459430639911  5.5060331816e-07
1.1800      0.26556781808694   0.26556837166946  5.5358252504e-07
1.1850      0.26654416657019   0.26654472313190  5.5656171016e-07
1.1900      0.26752279705655   0.26752335659733  5.5954077960e-07
1.1950      0.26850370528021   0.26850426779985  5.6251963909e-07
1.2000      0.26948688689841   0.26948745239660  5.6549819422e-07
1.2050      0.27047233749128   0.27047290596763  5.6847635044e-07
1.2100      0.27146005256166   0.27146062401568  5.7145401305e-07
1.2150      0.27245002753497   0.27245060196606  5.7443108720e-07
1.2200      0.27344225775904   0.27344283516652  5.7740747778e-07
1.2250      0.27443673850396   0.27443731888705  5.8038308953e-07
1.2300      0.27543346496197   0.27543404831979  5.8335782704e-07
1.2350      0.27643243224728   0.27643301857887  5.8633159500e-07
1.2400      0.27743363539597   0.27743422470027  5.8930429775e-07
1.2450      0.27843706936587   0.27843766164171  5.9227583943e-07
1.2500      0.27944272903639   0.27944332428252  5.9524612428e-07
1.2550      0.28045060920846   0.28045120742352  5.9821505632e-07
1.2600      0.28146070460438   0.28146130578692  6.0118253947e-07
1.2650      0.28247300986772   0.28247361401619  6.0414847775e-07
1.2700      0.28348751956322   0.28348812667599  6.0711277466e-07
1.2750      0.28450422817670   0.28450483825203  6.1007533420e-07
1.2800      0.28552313011495   0.28552374315101  6.1303605980e-07
1.2850      0.28654421970566   0.28654483570052  6.1599485524e-07
1.2900      0.28756749119732   0.28756811014894  6.1895162395e-07
1.2950      0.28859293875915   0.28859356066542  6.2190626943e-07
1.3000      0.28962055648102   0.28962118133972  6.2485869529e-07
1.3050      0.29065033837342   0.29065096618222  6.2780880483e-07
1.3100      0.29168227836733   0.29168290912383  6.3075650164e-07
1.3150      0.29271637031422   0.29271700401591  6.3370168907e-07
1.3200      0.29375260798598   0.29375324463025  6.3664427064e-07
1.3250      0.29479098507487   0.29479162465901  6.3958414970e-07
1.3300      0.29583149519347   0.29583213771470  6.4252122983e-07
1.3350      0.29687413187468   0.29687477733009  6.4545541456e-07
1.3400      0.29791888857164   0.29791953695824  6.4838660735e-07
1.3450      0.29896575865775   0.29896640997246  6.5131471183e-07
1.3500      0.30001473542663   0.30001538966626  6.5423963164e-07
1.3550      0.30106581209210   0.30106646925337  6.5716127046e-07
1.3600      0.30211898178818   0.30211964186772  6.6007953220e-07
1.3650      0.30317423756911   0.30317490056343  6.6299432067e-07
1.3700      0.30423157240931   0.30423223831485  6.6590553982e-07
1.3750      0.30529097920340   0.30529164801650  6.6881309363e-07
1.3800      0.30635245076627   0.30635312248315  6.7171688645e-07
1.3850      0.30741597983300   0.30741665444982  6.7461682229e-07
1.3900      0.30848155905899   0.30848223657180  6.7751280575e-07
1.3950      0.30954918101991   0.30954986142466  6.8040474127e-07
1.4000      0.31061883821180   0.31061952150433  6.8329253367e-07
1.4050      0.31169052305106   0.31169120922714  6.8617608751e-07
1.4100      0.31276422787453   0.31276491692984  6.8905530798e-07
1.4150      0.31383994493955   0.31384063686966  6.9193010022e-07
1.4200      0.31491766642402   0.31491836122439  6.9480036946e-07
1.4250      0.31599738442643   0.31599808209245  6.9766602123e-07
1.4300      0.31707909096598   0.31707979149294  7.0052696127e-07
1.4350      0.31816277798265   0.31816348136574  7.0338309549e-07
1.4400      0.31924843733725   0.31924914357158  7.0623432996e-07
1.4450      0.32033606081157   0.32033676989214  7.0908057098e-07
1.4500      0.32142564010842   0.32142635203015  7.1192172513e-07
1.4550      0.32251716685178   0.32251788160948  7.1475769936e-07
1.4600      0.32361063258686   0.32361135017526  7.1758840042e-07
1.4650      0.32470602878028   0.32470674919402  7.2041373578e-07
1.4700      0.32580334682013   0.32580407005375  7.2323361294e-07
1.4750      0.32690257801614   0.32690330406408  7.2604793971e-07
1.4800      0.32800371359979   0.32800444245641  7.2885662422e-07
1.4850      0.32910674472445   0.32910747638403  7.3165957482e-07
1.4900      0.33021166246557   0.33021239692227  7.3445670012e-07
1.4950      0.33131845782076   0.33131919506867  7.3724790928e-07
1.5000      0.33242712171001   0.33242786174312  7.4003311140e-07
1.5050      0.33353764497583   0.33353838778804  7.4281221618e-07
1.5100      0.33465001838342   0.33465076396856  7.4558513341e-07
1.5150      0.33576423262087   0.33576498097264  7.4835177366e-07
1.5200      0.33688027829930   0.33688102941135  7.5111204723e-07
1.5250      0.33799814595311   0.33799889981898  7.5386586523e-07
1.5300      0.33911782604012   0.33911858265326  7.5661313909e-07
1.5350      0.34023930894181   0.34024006829559  7.5935378030e-07
1.5400      0.34136258496353   0.34136334705123  7.6208770089e-07
1.5450      0.34248764433467   0.34248840914948  7.6481481359e-07
1.5500      0.34361447720895   0.34361524474398  7.6753503109e-07
1.5550      0.34474307366461   0.34474384391288  7.7024826650e-07
1.5600      0.34587342370464   0.34587419665907  7.7295443363e-07
1.5650      0.34700551725704   0.34700629291048  7.7565344642e-07
1.5700      0.34813934417505   0.34814012252027  7.7834521955e-07
1.5750      0.34927489423743   0.34927567526710  7.8102966772e-07
1.5800      0.35041215714870   0.35041294085541  7.8370670642e-07
1.5850      0.35155112253940   0.35155190891565  7.8637625134e-07
1.5900      0.35269177996639   0.35269256900461  7.8903821893e-07
1.5950      0.35383411891311   0.35383491060563  7.9169252570e-07
1.6000      0.35497812878986   0.35497892312895  7.9433908889e-07
1.6050      0.35612379893413   0.35612459591195  7.9697782623e-07
1.6100      0.35727111861084   0.35727191821950  7.9960865579e-07
1.6150      0.35842007701270   0.35842087924420  8.0223149601e-07
1.6200      0.35957066326050   0.35957146810677  8.0484626636e-07
1.6250      0.36072286640341   0.36072367385630  8.0745288628e-07
1.6300      0.36187667541934   0.36187748547062  8.1005127583e-07
1.6350      0.36303207921525   0.36303289185660  8.1264135576e-07
1.6400      0.36418906662746   0.36418988185051  8.1522304723e-07
1.6450      0.36534762642207   0.36534844421834  8.1779627192e-07
1.6500      0.36650774729522   0.36650856765617  8.2036095217e-07
1.6550      0.36766941787352   0.36767024079053  8.2291701053e-07
1.6600      0.36883262671436   0.36883345217873  8.2546437069e-07
1.6650      0.36999736230630   0.36999819030925  8.2800295620e-07
1.6700      0.37116361306945   0.37116444360214  8.3053269168e-07
1.6750      0.37233136735584   0.37233220040934  8.3305350207e-07
1.6800      0.37350061344981   0.37350144901513  8.3556531300e-07
1.6850      0.37467133956842   0.37467217763648  8.3806805068e-07
1.6900      0.37584353386182   0.37584437442346  8.4056164190e-07
1.6950      0.37701718441366   0.37701802745967  8.4304601405e-07
1.7000      0.37819227924153   0.37819312476263  8.4552109492e-07
1.7050      0.37936880629736   0.37936965428417  8.4798681316e-07
1.7100      0.38054675346783   0.38054760391093  8.5044309794e-07
1.7150      0.38172610857483   0.38172696146471  8.5288987905e-07
1.7200      0.38290685937586   0.38290771470295  8.5532708688e-07
1.7250      0.38408899356452   0.38408985131917  8.5775465264e-07
1.7300      0.38527249877091   0.38527335894342  8.6017250772e-07
1.7350      0.38645736256212   0.38645822514271  8.6258058457e-07
1.7400      0.38764357244267   0.38764443742148  8.6497881607e-07
1.7450      0.38883111585496   0.38883198322210  8.6736713595e-07
1.7500      0.39001998017981   0.39002084992529  8.6974547825e-07
1.7550      0.39121015273686   0.39121102485064  8.7211377814e-07
1.7600      0.39240162078509   0.39240249525706  8.7447197084e-07
1.7650      0.39359437152331   0.39359524834331  8.7681999289e-07
1.7700      0.39478839209066   0.39478927124844  8.7915778102e-07
1.7750      0.39598366956707   0.39598455105235  8.8148527289e-07
1.7800      0.39718019097384   0.39718107477625  8.8380240665e-07
1.7850      0.39837794327409   0.39837882938322  8.8610912136e-07
1.7900      0.39957691337331   0.39957780177866  8.8840535650e-07
1.7950      0.40077708811984   0.40077797881090  8.9069105252e-07
1.8000      0.40197845430549   0.40197934727164  8.9296615041e-07
1.8050      0.40318099866596   0.40318189389655  8.9523059182e-07
1.8100      0.40438470788148   0.40438560536580  8.9748431931e-07
1.8150      0.40558956857729   0.40559046830456  8.9972727568e-07
1.8200      0.40679556732422   0.40679646928362  9.0195940516e-07
1.8250      0.40800269063925   0.40800359481990  9.0418065202e-07
1.8300      0.40921092498605   0.40921183137701  9.0639096156e-07
1.8350      0.41042025677557   0.41042116536585  9.0859027979e-07
1.8400      0.41163067236659   0.41163158314514  9.1077855352e-07
1.8450      0.41284215806632   0.41284307102205  9.1295572996e-07
1.8500      0.41405470013098   0.41405561525273  9.1512175743e-07
1.8550      0.41526828476635   0.41526920204293  9.1727658463e-07
1.8600      0.41648289812841   0.41648381754857  9.1942016150e-07
1.8650      0.41769852632394   0.41769944787638  9.2155243797e-07
1.8700      0.41891515541107   0.41891607908443  9.2367336546e-07
1.8750      0.42013277139993   0.42013369718282  9.2578289557e-07
1.8800      0.42135136025325   0.42135228813423  9.2788098111e-07
1.8850      0.42257090788700   0.42257183785457  9.2996757523e-07
1.8900      0.42379140017095   0.42379233221359  9.3204263196e-07
1.8950      0.42501282292938   0.42501375703549  9.3410610624e-07
1.9000      0.42623516194164   0.42623609809960  9.3615795355e-07
1.9050      0.42745840294283   0.42745934114096  9.3819813018e-07
1.9100      0.42868253162439   0.42868347185099  9.4022659325e-07
1.9150      0.42990753363483   0.42990847587813  9.4224330061e-07
1.9200      0.43113339458028   0.43113433882850  9.4424821068e-07
1.9250      0.43236010002522   0.43236104626651  9.4624128288e-07
1.9300      0.43358763549309   0.43358858371557  9.4822247731e-07
1.9350      0.43481598646698   0.43481693665873  9.5019175483e-07
1.9400      0.43604513839026   0.43604609053934  9.5214907697e-07
1.9450      0.43727507666731   0.43727603076172  9.5409440615e-07
1.9500      0.43850578666413   0.43850674269184  9.5602770533e-07
1.9550      0.43973725370906   0.43973821165799  9.5794893856e-07
1.9600      0.44096946309343   0.44097042295150  9.5985807042e-07
1.9650      0.44220240007228   0.44220336182735  9.6175506642e-07
1.9700      0.44343604986503   0.44343701350492  9.6363989249e-07
1.9750      0.44467039765615   0.44467136316867  9.6551251577e-07
1.9800      0.44590542859592   0.44590639596882  9.6737290378e-07
1.9850      0.44714112780105   0.44714209702208  9.6922102510e-07
1.9900      0.44837748035546   0.44837845141231  9.7105684871e-07
1.9950      0.44961447131092   0.44961544419126  9.7288034479e-07
2.0000      0.45085208568780   0.45085306037928  9.7469148402e-07
2.0050      0.45209030847579   0.45209128496602  9.7649023773e-07
2.0100      0.45332912463458   0.45333010291115  9.7827657836e-07
2.0150      0.45456851909460   0.45456949914508  9.8005047877e-07
2.0200      0.45580847675777   0.45580945856968  9.8181191260e-07
2.0250      0.45704898249817   0.45704996605902  9.8356085465e-07
2.0300      0.45829002116280   0.45829100646008  9.8529727999e-07
2.0350      0.45953157757233   0.45953256459349  9.8702116452e-07
2.0400      0.46077363652179   0.46077462525427  9.8873248511e-07
2.0450      0.46201618278134   0.46201717321256  9.9043121915e-07
2.0500      0.46325920109700   0.46326019321435  9.9211734506e-07
2.0550      0.46450267619140   0.46450366998224  9.9379084190e-07
2.0600      0.46574659276449   0.46574758821618  9.9545168902e-07
2.0650      0.46699093549435   0.46699193259422  9.9709986717e-07
2.0700      0.46823568903786   0.46823668777322  9.9873535758e-07
2.0750      0.46948083803154   0.46948183838968  1.0003581422e-06
2.0800      0.47072636709221   0.47072736906042  1.0019682036e-06
2.0850      0.47197226081784   0.47197326438336  1.0035655252e-06
2.0900      0.47321850378821   0.47321950893831  1.0051500912e-06
2.0950      0.47446508056578   0.47446608728766  1.0067218866e-06
2.1000      0.47571197569633   0.47571298397723  1.0082808967e-06
2.1050      0.47695917370983   0.47696018353694  1.0098271079e-06
2.1100      0.47820665912114   0.47820767048165  1.0113605076e-06
2.1150      0.47945441643079   0.47945542931188  1.0128810831e-06
2.1200      0.48070243012578   0.48070344451461  1.0143888231e-06
2.1250      0.48195068468030   0.48195170056402  1.0158837166e-06
2.1300      0.48319916455653   0.48320018192228  1.0173657537e-06
2.1350      0.48444785420540   0.48444887304032  1.0188349250e-06
2.1400      0.48569673806738   0.48569775835860  1.0202912215e-06
2.1450      0.48694580057324   0.48694682230788  1.0217346354e-06
2.1500      0.48819502614483   0.48819604930999  1.0231651593e-06
2.1550      0.48944439919586   0.48944542377864  1.0245827867e-06
2.1600      0.49069390413265   0.49069493012016  1.0259875114e-06
2.1650      0.49194352535495   0.49194455273428  1.0273793283e-06
2.1700      0.49319324725671   0.49319427601494  1.0287582328e-06
2.1750      0.49444305422681   0.49444408435103  1.0301242211e-06
2.1800      0.49569293064991   0.49569396212720  1.0314772896e-06
2.1850      0.49694286090720   0.49694389372463  1.0328174360e-06
2.1900      0.49819282937715   0.49819386352181  1.0341446582e-06
2.1950      0.49944282043634   0.49944385589530  1.0354589551e-06
2.2000      0.50069281846022   0.50069385522055  1.0367603261e-06
2.2050      0.50194280782389   0.50194384587267  1.0380487712e-06
2.2100      0.50319277290289   0.50319381222718  1.0393242909e-06
2.2150      0.50444269807394   0.50444373866083  1.0405868867e-06
2.2200      0.50569256771581   0.50569360955237  1.0418365607e-06
2.2250      0.50694236621000   0.50694340928331  1.0430733149e-06
2.2300      0.50819207794159   0.50819312223874  1.0442971532e-06
2.2350      0.50944168729999   0.50944273280807  1.0455080790e-06
2.2400      0.51069117867972   0.51069222538582  1.0467060971e-06
2.2450      0.51194053648122   0.51194158437243  1.0478912121e-06
2.2500      0.51318974511157   0.51319079417500  1.0490634299e-06
2.2550      0.51443878898534   0.51443983920809  1.0502227569e-06
2.2600      0.51568765252529   0.51568870389449  1.0513691998e-06
2.2650      0.51693632016321   0.51693737266597  1.0525027659e-06
2.2700      0.51818477634066   0.51818582996412  1.0536234635e-06
2.2750      0.51943300550977   0.51943406024107  1.0547313011e-06
2.2800      0.52068099213398   0.52068204796027  1.0558262877e-06
2.2850      0.52192872068884   0.52192977759727  1.0569084334e-06
2.2900      0.52317617566276   0.52317723364051  1.0579777484e-06
2.2950      0.52442334155781   0.52442440059205  1.0590342434e-06
2.3000      0.52567020289044   0.52567126296837  1.0600779303e-06
2.3050      0.52691674419229   0.52691780530111  1.0611088205e-06
2.3100      0.52816295001095   0.52816401213788  1.0621269267e-06
2.3150      0.52940880491068   0.52940986804294  1.0631322622e-06
2.3200      0.53065429347322   0.53065535759806  1.0641248404e-06
2.3250      0.53189940029854   0.53190046540322  1.0651046755e-06
2.3300      0.53314411000558   0.53314517607736  1.0660717819e-06
2.3350      0.53438840723300   0.53438947425917  1.0670261749e-06
2.3400      0.53563227663997   0.53563334460784  1.0679678702e-06
2.3450      0.53687570290690   0.53687677180378  1.0688968840e-06
2.3500      0.53811867073616   0.53811974054940  1.0698132327e-06
2.3550      0.53936116485290   0.53936223556983  1.0707169336e-06
2.3600      0.54060317000570   0.54060424161370  1.0716080044e-06
2.3650      0.54184467096739   0.54184574345385  1.0724864633e-06
2.3700      0.54308565253575   0.54308672588808  1.0733523285e-06
2.3750      0.54432609953428   0.54432717373990  1.0742056192e-06
2.3800      0.54556599681286   0.54556707185922  1.0750463550e-06
2.3850      0.54680532924859   0.54680640512315  1.0758745559e-06
2.3900      0.54804408174642   0.54804515843666  1.0766902422e-06
2.3950      0.54928223923993   0.54928331673336  1.0774934347e-06
2.4000      0.55051978669203   0.55052086497619  1.0782841546e-06
2.4050      0.55175670909571   0.55175778815813  1.0790624241e-06
2.4100      0.55299299147470   0.55299407130296  1.0798282647e-06
2.4150      0.55422861888424   0.55422969946594  1.0805816992e-06
2.4200      0.55546357641176   0.55546465773451  1.0813227509e-06
2.4250      0.55669784917759   0.55669893122903  1.0820514428e-06
2.4300      0.55793142233568   0.55793250510347  1.0827677988e-06
2.4350      0.55916428107426   0.55916536454610  1.0834718429e-06
2.4400      0.56039641061658   0.56039749478018  1.0841635999e-06
2.4450      0.56162779622159   0.56162888106468  1.0848430946e-06
2.4500      0.56285842318460   0.56285950869495  1.0855103524e-06
2.4550      0.56408827683800   0.56408936300340  1.0861653988e-06
2.4600      0.56531734255194   0.56531842936020  1.0868082601e-06
2.4650      0.56654560573497   0.56654669317393  1.0874389625e-06
2.4700      0.56777305183475   0.56777413989229  1.0880575331e-06
2.4750      0.56899966633873   0.56900075500273  1.0886639985e-06
2.4800      0.57022543477476   0.57022652403315  1.0892583865e-06
2.4850      0.57145034271180   0.57145143255253  1.0898407248e-06
2.4900      0.57267437576057   0.57267546617161  1.0904110413e-06
2.4950      0.57389751957418   0.57389861054354  1.0909693648e-06
2.5000      0.57511975984879   0.57512085136451  1.0915157236e-06
2.5050      0.57634108232428   0.57634217437442  1.0920501470e-06
2.5100      0.57756147278483   0.57756256535750  1.0925726646e-06
2.5150      0.57878091705963   0.57878201014293  1.0930833054e-06
2.5200      0.57999940102344   0.58000049460554  1.0935820999e-06
2.5250      0.58121691059726   0.58121800466634  1.0940690781e-06
2.5300      0.58243343174894   0.58243452629321  1.0945442707e-06
2.5350      0.58364895049380   0.58365004550151  1.0950077082e-06
2.5400      0.58486345289521   0.58486454835464  1.0954594216e-06
2.5450      0.58607692506526   0.58607802096471  1.0958994424e-06
2.5500      0.58728935316531   0.58729044949311  1.0963278024e-06
2.5550      0.58850072340658   0.58850182015111  1.0967445331e-06
2.5600      0.58971102205079   0.58971211920046  1.0971496663e-06
2.5650      0.59092023541073   0.59092133295397  1.0975432349e-06
2.5700      0.59212834985081   0.59212944777608  1.0979252710e-06
2.5750      0.59333535178767   0.59333645008348  1.0982958075e-06
2.5800      0.59454122769074   0.59454232634562  1.0986548775e-06
2.5850      0.59574596408281   0.59574706308533  1.0990025140e-06
2.5900      0.59694954754060   0.59695064687935  1.0993387505e-06
2.5950      0.59815196469528   0.59815306435890  1.0996636207e-06
2.6000      0.59935320223307   0.59935430221022  1.0999771581e-06
2.6050      0.60055324689574   0.60055434717514  1.1002793973e-06
2.6100      0.60175208548121   0.60175318605158  1.1005703718e-06
2.6150      0.60294970484399   0.60295080569411  1.1008501165e-06
2.6200      0.60414609189581   0.60414719301448  1.1011186656e-06
2.6250      0.60534123360608   0.60534233498213  1.1013760540e-06
2.6300      0.60653511700241   0.60653621862472  1.1016223166e-06
2.6350      0.60772772917115   0.60772883102864  1.1018574887e-06
2.6400      0.60891905725790   0.60892015933950  1.1020816050e-06
2.6450      0.61010908846796   0.61011019076266  1.1022947014e-06
2.6500      0.61129781006687   0.61129891256369  1.1024968130e-06
2.6550      0.61248520938091   0.61248631206888  1.1026879759e-06
2.6600      0.61367127379751   0.61367237666574  1.1028682255e-06
2.6650      0.61485599076583   0.61485709380343  1.1030375980e-06
2.6700      0.61603934779715   0.61604045099328  1.1031961293e-06
2.6750      0.61722133246537   0.61722243580922  1.1033438558e-06
2.6800      0.61840193240746   0.61840303588827  1.1034808137e-06
2.6850      0.61958113532392   0.61958223893096  1.1036070392e-06
2.6900      0.62075892897924   0.62076003270181  1.1037225692e-06
2.6950      0.62193530120230   0.62193640502974  1.1038274401e-06
2.7000      0.62311023988685   0.62311134380854  1.1039216888e-06
2.7050      0.62428373299192   0.62428483699727  1.1040053518e-06
2.7100      0.62545576854224   0.62545687262071  1.1040784664e-06
2.7150      0.62662633462868   0.62662743876975  1.1041410695e-06
2.7200      0.62779541940863   0.62779652360182  1.1041931981e-06
2.7250      0.62896301110640   0.62896411534129  1.1042348894e-06
2.7300      0.63012909801368   0.63013020227986  1.1042661805e-06
2.7350      0.63129366848987   0.63129477277698  1.1042871090e-06
2.7400      0.63245671096248   0.63245781526019  1.1042977122e-06
2.7450      0.63361821392752   0.63361931822555  1.1042980272e-06
2.7500      0.63477816594989   0.63477927023798  1.1042880920e-06
2.7550      0.63593655566371   0.63593765993165  1.1042679438e-06
2.7600      0.63709337177271   0.63709447601033  1.1042376203e-06
2.7650      0.63824860305057   0.63824970724773  1.1041971593e-06
2.7700      0.63940223834128   0.63940334248788  1.1041465983e-06
2.7750      0.64055426655949   0.64055537064546  1.1040859750e-06
2.7800      0.64170467669080   0.64170578070613  1.1040153273e-06
2.7850      0.64285345779216   0.64285456172685  1.1039346928e-06
2.7900      0.64400059899213   0.64400170283624  1.1038441095e-06
2.7950      0.64514608949125   0.64514719323486  1.1037436151e-06
2.8000      0.64628991856230   0.64629102219555  1.1036332475e-06
2.8050      0.64743207555066   0.64743317906371  1.1035130445e-06
2.8100      0.64857254987455   0.64857365325759  1.1033830440e-06
2.8150      0.64971133102536   0.64971243426865  1.1032432841e-06
2.8200      0.65084840856794   0.65084951166174  1.1030938025e-06
2.8250      0.65198377214084   0.65198487507548  1.1029346374e-06
2.8300      0.65311741145662   0.65311851422245  1.1027658263e-06
2.8350      0.65424931630212   0.65425041888952  1.1025874074e-06
2.8400      0.65537947653866   0.65538057893808  1.1023994184e-06
2.8450      0.65650788210239   0.65650898430429  1.1022018974e-06
2.8500      0.65763452300444   0.65763562499933  1.1019948820e-06
2.8550      0.65875938933124   0.65876049110965  1.1017784104e-06
2.8600      0.65988247124469   0.65988357279721  1.1015525203e-06
2.8650      0.66100375898243   0.66100486029968  1.1013172496e-06
2.8700      0.66212324285806   0.66212434393070  1.1010726358e-06
2.8750      0.66324091326133   0.66324201408005  1.1008187170e-06
2.8800      0.66435676065836   0.66435786121389  1.1005555308e-06
2.8850      0.66547077559187   0.66547187587498  1.1002831152e-06
2.8900      0.66658294868131   0.66658404868282  1.1000015077e-06
2.8950      0.66769327062315   0.66769437033390  1.0997107457e-06
2.9000      0.66880173219095   0.66880283160182  1.0994108672e-06
2.9050      0.66990832423564   0.66990942333755  1.0991019097e-06
2.9100      0.67101303768560   0.67101413646951  1.0987839107e-06
2.9150      0.67211586354691   0.67211696200382  1.0984569078e-06
2.9200      0.67321679290344   0.67321789102438  1.0981209383e-06
2.9250      0.67431581691704   0.67431691469308  1.0977760397e-06
2.9300      0.67541292682768   0.67541402424993  1.0974222494e-06
2.9350      0.67650811395358   0.67650921101319  1.0970596046e-06
2.9400      0.67760136969136   0.67760246637950  1.0966881425e-06
2.9450      0.67869268551613   0.67869378182403  1.0963079005e-06
2.9500      0.67978205298168   0.67978314890059  1.0959189157e-06
2.9550      0.68086946372051   0.68087055924174  1.0955212251e-06
2.9600      0.68195490944402   0.68195600455888  1.0951148658e-06
2.9650      0.68303838194254   0.68303947664242  1.0946998747e-06
2.9700      0.68411987308550   0.68412096736179  1.0942762889e-06
2.9750      0.68519937482145   0.68520046866560  1.0938441449e-06
2.9800      0.68627687917820   0.68627797258168  1.0934034796e-06
2.9850      0.68735237826285   0.68735347121718  1.0929543297e-06
2.9900      0.68842586426192   0.68842695675866  1.0924967321e-06
2.9950      0.68949732944137   0.68949842147210  1.0920307231e-06
3.0000      0.69056676614668   0.69056785770302  1.0915563392e-06
3.0050      0.69163416680288   0.69163525787650  1.0910736168e-06
3.0100      0.69269952391465   0.69270061449724  1.0905825925e-06
3.0150      0.69376283006632   0.69376392014962  1.0900833022e-06
3.0200      0.69482407792192   0.69482516749770  1.0895757823e-06
3.0250      0.69588326022521   0.69588434928528  1.0890600688e-06
3.0300      0.69694036979970   0.69694145833590  1.0885361981e-06
3.0350      0.69799539954870   0.69799648755290  1.0880042057e-06
3.0400      0.69904834245528   0.69904942991941  1.0874641280e-06
3.0450      0.70009919158233   0.70010027849833  1.0869160003e-06
3.0500      0.70114794007254   0.70114902643240  1.0863598587e-06
3.0550      0.70219458114838   0.70219566694412  1.0857957385e-06
3.0600      0.70323910811214   0.70324019333582  1.0852236756e-06
3.0650      0.70428151434587   0.70428259898957  1.0846437052e-06
3.0700      0.70532179331136   0.70532287736722  1.0840558630e-06
3.0750      0.70635993855016   0.70636102201035  1.0834601839e-06
3.0800      0.70739594368351   0.70739702654021  1.0828567035e-06
3.0850      0.70842980241230   0.70843088465775  1.0822454568e-06
3.0900      0.70946150851706   0.70946259014354  1.0816264789e-06
3.0950      0.71049105585789   0.71049213685769  1.0809998047e-06
3.1000      0.71151843837441   0.71151951873988  1.0803654691e-06
3.1050      0.71254365008572   0.71254472980923  1.0797235068e-06
3.1100      0.71356668509030   0.71356776416425  1.0790739527e-06
3.1150      0.71458753756599   0.71458861598283  1.0784168415e-06
3.1200      0.71560620176986   0.71560727952207  1.0777522075e-06
3.1250      0.71662267203821   0.71662374911829  1.0770800851e-06
3.1300      0.71763694278639   0.71763801918689  1.0764005089e-06
3.1350      0.71864900850879   0.71865008422230  1.0757135132e-06
3.1400      0.71965886377871   0.71965993879785  1.0750191318e-06
3.1450      0.72066650324829   0.72066757756569  1.0743173993e-06
3.1500      0.72167192164834   0.72167299525669  1.0736083493e-06
3.1550      0.72267511378832   0.72267618668034  1.0728920160e-06
3.1600      0.72367607455617   0.72367714672461  1.0721684330e-06
3.1650      0.72467479891820   0.72467587035584  1.0714376343e-06
3.1700      0.72567128191898   0.72567235261864  1.0706996534e-06
3.1750      0.72666551868120   0.72666658863572  1.0699545240e-06
3.1800      0.72765750440554   0.72765857360782  1.0692022794e-06
3.1850      0.72864723437055   0.72864830281351  1.0684429532e-06
3.1900      0.72963470393248   0.72963577160906  1.0676765786e-06
3.1950      0.73061990852516   0.73062097542835  1.0669031889e-06
3.2000      0.73160284365981   0.73160390978263  1.0661228170e-06
3.2050      0.73258350492496   0.73258457026045  1.0653354964e-06
3.2100      0.73356188798619   0.73356295252744  1.0645412596e-06
3.2150      0.73453798858604   0.73453905232618  1.0637401398e-06
3.2200      0.73551180254384   0.73551286547601  1.0629321697e-06
3.2250      0.73648332575548   0.73648438787286  1.0621173820e-06
3.2300      0.73745255419330   0.73745361548911  1.0612958093e-06
3.2350      0.73841948390584   0.73842054437333  1.0604674843e-06
3.2400      0.73938411101775   0.73938517065019  1.0596324393e-06
3.2450      0.74034643172948   0.74034749052019  1.0587907068e-06
3.2500      0.74130644231719   0.74130750025951  1.0579423190e-06
3.2550      0.74226413913251   0.74226519621981  1.0570873081e-06
3.2600      0.74321951860231   0.74322057482801  1.0562257065e-06
3.2650      0.74417257722856   0.74417363258610  1.0553575459e-06
3.2700      0.74512331158805   0.74512436607091  1.0544828585e-06
3.2750      0.74607171833225   0.74607277193393  1.0536016760e-06
3.2800      0.74701779418703   0.74701884690106  1.0527140305e-06
3.2850      0.74796153595245   0.74796258777240  1.0518199536e-06
3.2900      0.74890294050257   0.74890399142204  1.0509194768e-06
3.2950      0.74984200478519   0.74984305479782  1.0500126320e-06
3.3000      0.75077872582163   0.75077977492108  1.0490994503e-06
3.3050      0.75171310070650   0.75171414888646  1.0481799637e-06
3.3100      0.75264512660742   0.75264617386163  1.0472542031e-06
3.3150      0.75357480076486   0.75357584708706  1.0463222000e-06
3.3200      0.75450212049179   0.75450316587578  1.0453839855e-06
3.3250      0.75542708317353   0.75542812761312  1.0444395908e-06
3.3300      0.75634968626742   0.75635072975646  1.0434890468e-06
3.3350      0.75726992730260   0.75727096983498  1.0425323846e-06
3.3400      0.75818780387976   0.75818884544940  1.0415696355e-06
3.3450      0.75910331367086   0.75910435427169  1.0406008298e-06
3.3500      0.76001645441885   0.76001749404484  1.0396259988e-06
3.3550      0.76092722393743   0.76092826258260  1.0386451725e-06
3.3600      0.76183562011077   0.76183665776915  1.0376583823e-06
3.3650      0.76274164089322   0.76274267755888  1.0366656585e-06
3.3700      0.76364528430907   0.76364631997610  1.0356670315e-06
3.3750      0.76454654845220   0.76454758311474  1.0346625317e-06
3.3800      0.76544543148588   0.76544646513807  1.0336521898e-06
3.3850      0.76634193164242   0.76634296427846  1.0326360360e-06
3.3900      0.76723604722290   0.76723707883700  1.0316141004e-06
3.3950      0.76812777659691   0.76812880718332  1.0305864133e-06
3.4000      0.76901711820218   0.76901814775519  1.0295530047e-06
3.4050      0.76990407054437   0.76990509905828  1.0285139053e-06
3.4100      0.77078863219672   0.77078965966587  1.0274691445e-06
3.4150      0.77167080179974   0.77167182821850  1.0264187522e-06
3.4200      0.77255057806094   0.77255160342370  1.0253627588e-06
3.4250      0.77342795975450   0.77342898405569  1.0243011939e-06
3.4300      0.77430294572095   0.77430396895504  1.0232340870e-06
3.4350      0.77517553486690   0.77517655702836  1.0221614684e-06
3.4400      0.77604572616467   0.77604674724804  1.0210833672e-06
3.4450      0.77691351865202   0.77691453865184  1.0199998134e-06
3.4500      0.77777891143181   0.77777993034265  1.0189108367e-06
3.4550      0.77864190367168   0.77864292148814  1.0178164662e-06
3.4600      0.77950249460372   0.77950351132045  1.0167167315e-06
3.4650      0.78036068352415   0.78036169913582  1.0156116624e-06
3.4700      0.78121646979303   0.78121748429431  1.0145012880e-06
3.4750      0.78206985283384   0.78207086621948  1.0133856373e-06
3.4800      0.78292083213326   0.78292184439800  1.0122647398e-06
3.4850      0.78376940724075   0.78377041837937  1.0111386249e-06
3.4900      0.78461557776824   0.78461658777557  1.0100073218e-06
3.4950      0.78545934338984   0.78546035226070  1.0088708595e-06
3.5000      0.78630070384141   0.78630171157068  1.0077292669e-06
3.5050      0.78713965892031   0.78714066550288  1.0065825733e-06
3.5100      0.78797620848500   0.78797721391580  1.0054308076e-06
3.5150      0.78881035245472   0.78881135672872  1.0042739987e-06
3.5200      0.78964209080914   0.78964309392132  1.0031121759e-06
3.5250      0.79047142358803   0.79047242553339  1.0019453673e-06
3.5300      0.79129835089086   0.79129935166446  1.0007736027e-06
3.5350      0.79212287287651   0.79212387247342  9.9959691002e-07
3.5400      0.79294498976290   0.79294598817822  9.9841531853e-07
3.5450      0.79376470182662   0.79376569905548  9.9722885660e-07
3.5500      0.79458200940259   0.79458300544014  9.9603755344e-07
3.5550      0.79539691288370   0.79539790772514  9.9484143712e-07
3.5600      0.79620941272047   0.79621040636101  9.9364053641e-07
3.5650      0.79701950942067   0.79702050185555  9.9243487994e-07
3.5700      0.79782720354897   0.79782819477346  9.9122449648e-07
3.5750      0.79863249572658   0.79863348573600  9.9000941411e-07
3.5800      0.79943538663091   0.79943637542057  9.8878966148e-07
3.5850      0.80023587699516   0.80023686456043  9.8756526690e-07
3.5900      0.80103396760801   0.80103495394427  9.8633625900e-07
3.5950      0.80182965931321   0.80183064441587  9.8510266611e-07
3.6000      0.80262295300925   0.80262393687377  9.8386451641e-07
3.6050      0.80341384964900   0.80341483227083  9.8262183823e-07
3.6100      0.80420235023928   0.80420333161394  9.8137465976e-07
3.6150      0.80498845584058   0.80498943596359  9.8012300953e-07
3.6200      0.80577216756662   0.80577314643354  9.7886691541e-07
3.6250      0.80655348658404   0.80655446419045  9.7760640583e-07
3.6300      0.80733241411199   0.80733339045350  9.7634150875e-07
3.6350      0.80810895142175   0.80810992649400  9.7507225261e-07
3.6400      0.80888309983642   0.80888407363508  9.7379866515e-07
3.6450      0.80965486073048   0.80965583325125  9.7252077469e-07
3.6500      0.81042423552946   0.81042520676807  9.7123860920e-07
3.6550      0.81119122570957   0.81119219566177  9.6995219678e-07
3.6600      0.81195583279729   0.81195680145885  9.6866156518e-07
3.6650      0.81271805836902   0.81271902573576  9.6736674271e-07
3.6700      0.81347790405074   0.81347887011850  9.6606775701e-07
3.6750      0.81423537151757   0.81423633628220  9.6476463618e-07
3.6800      0.81499046249344   0.81499142595084  9.6345740808e-07
3.6850      0.81574317875070   0.81574414089680  9.6214610057e-07
3.6900      0.81649352210978   0.81649448294052  9.6083074164e-07
3.6950      0.81724149443874   0.81724245395010  9.5951135892e-07
3.7000      0.81798709765297   0.81798805584095  9.5818798029e-07
3.7050      0.81873033371479   0.81873129057542  9.5686063351e-07
3.7100      0.81947120463304   0.81947216016238  9.5552934642e-07
3.7150      0.82020971246276   0.82021066665691  9.5419414670e-07
3.7200      0.82094585930480   0.82094681215986  9.5285506230e-07
3.7250      0.82167964730540   0.82168059881752  9.5151212065e-07
3.7300      0.82241107865587   0.82241202882122  9.5016534951e-07
3.7350      0.82314015559220   0.82314110440697  9.4881477652e-07
3.7400      0.82386688039466   0.82386782785509  9.4746042945e-07
3.7450      0.82459125538747   0.82459220148981  9.4610233570e-07
3.7500      0.82531328293837   0.82531422767889  9.4474052303e-07
3.7550      0.82603296545829   0.82603390883331  9.4337501910e-07
3.7600      0.82675030540097   0.82675124740682  9.4200585143e-07
3.7650      0.82746530526254   0.82746624589559  9.4063304756e-07
3.7700      0.82817796758122   0.82817890683786  9.3925663491e-07
3.7750      0.82888829493689   0.82888923281353  9.3787664102e-07
3.7800      0.82959628995074   0.82959722644383  9.3649309352e-07
3.7850      0.83030195528489   0.83030289039091  9.3510601984e-07
3.7900      0.83100529364201   0.83100622735745  9.3371544729e-07
3.7950      0.83170630776497   0.83170724008637  9.3232140341e-07
3.8000      0.83240500043645   0.83240593136036  9.3092391584e-07
3.8050      0.83310137447858   0.83310230400159  9.2952301167e-07
3.8100      0.83379543275255   0.83379636087127  9.2811871844e-07
3.8150      0.83448717815827   0.83448810486934  9.2671106344e-07
3.8200      0.83517661363398   0.83517753893405  9.2530007412e-07
3.8250      0.83586374215587   0.83586466604164  9.2388577777e-07
3.8300      0.83654856673774   0.83654948920594  9.2246820160e-07
3.8350      0.83723109043061   0.83723201147798  9.2104737304e-07
3.8400      0.83791131632237   0.83791223594569  9.1962331938e-07
3.8450      0.83858924753741   0.83859016573348  9.1819606796e-07
3.8500      0.83926488723623   0.83926580400188  9.1676564584e-07
3.8550      0.83993823861511   0.83993915394719  9.1533208035e-07
3.8600      0.84060930490571   0.84061021880111  9.1389539858e-07
3.8650      0.84127808937476   0.84127900183038  9.1245562794e-07
3.8700      0.84194459532362   0.84194550633642  9.1101279553e-07
3.8750      0.84260882608801   0.84260973565494  9.0956692844e-07
3.8800      0.84327078503756   0.84327169315561  9.0811805387e-07
3.8850      0.84393047557550   0.84393138224170  9.0666619890e-07
3.8900      0.84458790113831   0.84458880634970  9.0521139062e-07
3.8950      0.84524306519533   0.84524396894898  9.0375365625e-07
3.9000      0.84589597124840   0.84589687354143  9.0229302263e-07
3.9050      0.84654662283155   0.84654752366107  9.0082951720e-07
3.9100      0.84719502351058   0.84719592287375  8.9936316650e-07
3.9150      0.84784117688277   0.84784207477677  8.9789399793e-07
3.9200      0.84848508657647   0.84848598299851  8.9642203815e-07
3.9250      0.84912675625079   0.84912765119810  8.9494731448e-07
3.9300      0.84976618959521   0.84976708306507  8.9346985366e-07
3.9350      0.85040339032929   0.85040428231897  8.9198968267e-07
3.9400      0.85103836220223   0.85103925270906  8.9050682850e-07
3.9450      0.85167110899261   0.85167199801393  8.8902131790e-07
3.9500      0.85230163450800   0.85230252204118  8.8753317784e-07
3.9550      0.85292994258462   0.85293082862705  8.8604243520e-07
3.9600      0.85355603708698   0.85355692163609  8.8454911673e-07
3.9650      0.85417992190757   0.85418080496082  8.8305324930e-07
3.9700      0.85480160096649   0.85480248252135  8.8155485967e-07
3.9750      0.85542107821112   0.85542195826510  8.8005397458e-07
3.9800      0.85603835761579   0.85603923616642  8.7855062081e-07
3.9850      0.85665344318142   0.85665432022625  8.7704482499e-07
3.9900      0.85726633893519   0.85726721447180  8.7553661399e-07
3.9950      0.85787704893020   0.85787792295621  8.7402601434e-07
4.0000      0.85848557724516   0.85848644975821  8.7251305270e-07
4.0050      0.85909192798403   0.85909279898178  8.7099775581e-07
4.0100      0.85969610527568   0.85969697475583  8.6948015010e-07
4.0150      0.86029811327360   0.86029898123387  8.6796026233e-07
4.0200      0.86089795615553   0.86089882259365  8.6643811892e-07
4.0250      0.86149563812315   0.86149650303690  8.6491374640e-07
4.0300      0.86209116340174   0.86209202678891  8.6338717131e-07
4.0350      0.86268453623988   0.86268539809830  8.6185842019e-07
4.0400      0.86327576090910   0.86327662123662  8.6032751934e-07
4.0450      0.86386484170358   0.86386570049807  8.5879449518e-07
4.0500      0.86445178293978   0.86445264019916  8.5725937427e-07
4.0550      0.86503658895621   0.86503744467839  8.5572218289e-07
4.0600      0.86561926411301   0.86562011829596  8.5418294737e-07
4.0650      0.86619981279172   0.86620066543341  8.5264169392e-07
4.0700      0.86677823939488   0.86677909049333  8.5109844894e-07
4.0750      0.86735454834581   0.86735539789904  8.4955323865e-07
4.0800      0.86792874408820   0.86792959209429  8.4800608924e-07
4.0850      0.86850083108590   0.86850167754293  8.4645702692e-07
4.0900      0.86907081382251   0.86907165872859  8.4490607788e-07
4.0950      0.86963869680116   0.86963954015442  8.4335326811e-07
4.1000      0.87020448454412   0.87020532634274  8.4179862381e-07
4.1050      0.87076818159258   0.87076902183475  8.4024217106e-07
4.1100      0.87132979250627   0.87133063119021  8.3868393574e-07
4.1150      0.87188932186323   0.87189015898718  8.3712394394e-07
4.1200      0.87244677425944   0.87244760982167  8.3556222163e-07
4.1250      0.87300215430858   0.87300298830737  8.3399879469e-07
4.1300      0.87355546664167   0.87355629907536  8.3243368898e-07
4.1350      0.87410671590685   0.87410754677378  8.3086693037e-07
4.1400      0.87465590676903   0.87465673606758  8.2929854472e-07
4.1450      0.87520304390961   0.87520387163817  8.2772855792e-07
4.1500      0.87574813202621   0.87574895818320  8.2615699537e-07
4.1550      0.87629117583234   0.87629200041622  8.2458388306e-07
4.1600      0.87683218005715   0.87683300306640  8.2300924653e-07
4.1650      0.87737114944514   0.87737197087825  8.2143311120e-07
4.1700      0.87790808875586   0.87790890861136  8.1985550315e-07
4.1750      0.87844300276361   0.87844382104006  8.1827644749e-07
4.1800      0.87897589625722   0.87897671295319  8.1669596985e-07
4.1850      0.87950677403971   0.87950758915381  8.1511409578e-07
4.1900      0.88003564092804   0.88003645445889  8.1353085080e-07
4.1950      0.88056250175283   0.88056331369909  8.1194625978e-07
4.2000      0.88108736135809   0.88108817171844  8.1036034860e-07
4.2050      0.88161022460092   0.88161103337406  8.0877314212e-07
4.2100      0.88213109635128   0.88213190353595  8.0718466611e-07
4.2150      0.88264998149170   0.88265078708665  8.0559494531e-07
4.2200      0.88316688491700   0.88316768892101  8.0400400515e-07
4.2250      0.88368181153406   0.88368261394593  8.0241187028e-07
4.2300      0.88419476626149   0.88419556708005  8.0081856624e-07
4.2350      0.88470575402945   0.88470655325357  7.9922411800e-07
4.2400      0.88521477977933   0.88521557740788  7.9762855021e-07
4.2450      0.88572184846351   0.88572264449540  7.9603188829e-07
4.2500      0.88622696504510   0.88622775947926  7.9443415657e-07
4.2550      0.88673013449768   0.88673092733306  7.9283538024e-07
4.2600      0.88723136180507   0.88723215304065  7.9123558361e-07
4.2650      0.88773065196102   0.88773144159581  7.8963479222e-07
4.2700      0.88822800996903   0.88822879800206  7.8803303016e-07
4.2750      0.88872344084206   0.88872422727238  7.8643032186e-07
4.2800      0.88921694960226   0.88921773442896  7.8482669241e-07
4.2850      0.88970854128080   0.88970932450297  7.8322216590e-07
4.2900      0.89019822091754   0.89019900253431  7.8161676698e-07
4.2950      0.89068599356084   0.89068677357136  7.8001052006e-07
4.3000      0.89117186426731   0.89117264267076  7.7840344936e-07
4.3050      0.89165583810157   0.89165661489715  7.7679557942e-07
4.3100      0.89213792013598   0.89213869532291  7.7518693431e-07
4.3150      0.89261811545046   0.89261888902799  7.7357753814e-07
4.3200      0.89309642913222   0.89309720109963  7.7196741521e-07
4.3250      0.89357286627554   0.89357363663212  7.7035658941e-07
4.3300      0.89404743198152   0.89404820072661  7.6874508492e-07
4.3350      0.89452013135790   0.89452089849082  7.6713292563e-07
4.3400      0.89499096951876   0.89499173503890  7.6552013528e-07
4.3450      0.89545995158436   0.89546071549110  7.6390673787e-07
4.3500      0.89592708268087   0.89592784497363  7.6229275725e-07
4.3550      0.89639236794019   0.89639312861841  7.6067821697e-07
4.3600      0.89685581249969   0.89685657156283  7.5906314068e-07
4.3650      0.89731742150201   0.89731817894956  7.5744755190e-07
4.3700      0.89777720009484   0.89777795592632  7.5583147441e-07
4.3750      0.89823515343072   0.89823590764565  7.5421493140e-07
4.3800      0.89869128666679   0.89869203926474  7.5259794641e-07
4.3850      0.89914560496462   0.89914635594516  7.5098054275e-07
4.3900      0.89959811348996   0.89959886285270  7.4936274375e-07
4.3950      0.90004881741256   0.90004956515713  7.4774457248e-07
4.4000      0.90049772190596   0.90049846803201  7.4612605205e-07
4.4050      0.90094483214725   0.90094557665446  7.4450720555e-07
4.4100      0.90139015331694   0.90139089620500  7.4288805607e-07
4.4150      0.90183369059867   0.90183443186730  7.4126862659e-07
4.4200      0.90227544917908   0.90227618882802  7.3964893987e-07
4.4250      0.90271543424755   0.90271617227657  7.3802901868e-07
4.4300      0.90315365099607   0.90315438740496  7.3640888576e-07
4.4350      0.90359010461900   0.90359083940757  7.3478856388e-07
4.4400      0.90402480031288   0.90402553348096  7.3316807547e-07
4.4450      0.90445774327625   0.90445847482369  7.3154744318e-07
4.4500      0.90488893870944   0.90488966863613  7.2992668931e-07
4.4550      0.90531839181441   0.90531912012025  7.2830583631e-07
4.4600      0.90574610779456   0.90574683447946  7.2668490658e-07
4.4650      0.90617209185450   0.90617281691842  7.2506392212e-07
4.4700      0.90659634919992   0.90659707264282  7.2344290525e-07
4.4750      0.90701888503738   0.90701960685926  7.2182187816e-07
4.4800      0.90743970457414   0.90744042477500  7.2020086272e-07
4.4850      0.90785881301797   0.90785953159785  7.1857988071e-07
4.4900      0.90827621557698   0.90827693253593  7.1695895409e-07
4.4950      0.90869191745944   0.90869263279755  7.1533810475e-07
4.5000      0.90910592387362   0.90910663759098  7.1371735422e-07
4.5050      0.90951824002760   0.90951895212432  7.1209672436e-07
4.5100      0.90992887112909   0.90992958160533  7.1047623640e-07
4.5150      0.91033782238530   0.91033853124121  7.0885591208e-07
4.5200      0.91074509900272   0.91074580623849  7.0723577272e-07
4.5250      0.91115070618701   0.91115141180284  7.0561583965e-07
4.5300      0.91155464914278   0.91155535313891  7.0399613394e-07
4.5350      0.91195693307347   0.91195763545014  7.0237667693e-07
4.5400      0.91235756318116   0.91235826393865  7.0075748959e-07
4.5450      0.91275654466643   0.91275724380502  6.9913859302e-07
4.5500      0.91315388272819   0.91315458024820  6.9752000798e-07
4.5550      0.91354958256351   0.91355027846527  6.9590175544e-07
4.5600      0.91394364936751   0.91394434365137  6.9428385618e-07
4.5650      0.91433608833316   0.91433678099949  6.9266633063e-07
4.5700      0.91472690465112   0.91472759570032  6.9104919953e-07
4.5750      0.91511610350965   0.91511679294213  6.8943248344e-07
4.5800      0.91550369009440   0.91550437791061  6.8781620277e-07
4.5850      0.91588966958830   0.91589035578868  6.8620037774e-07
4.5900      0.91627404717139   0.91627473175642  6.8458502867e-07
4.5950      0.91665682802068   0.91665751099085  6.8297017575e-07
4.6000      0.91703801731001   0.91703869866585  6.8135583908e-07
4.6050      0.91741762020991   0.91741829995195  6.7974203855e-07
4.6100      0.91779564188748   0.91779632001628  6.7812879412e-07
4.6150      0.91817208750619   0.91817276402232  6.7651612567e-07
4.6200      0.91854696222581   0.91854763712987  6.7490405298e-07
4.6250      0.91892027120223   0.91892094449483  6.7329259545e-07
4.6300      0.91929201958735   0.91929269126913  6.7168177287e-07
4.6350      0.91966221252893   0.91966288260054  6.7007160476e-07
4.6400      0.92003085517047   0.92003152363258  6.6846211044e-07
4.6450      0.92039795265107   0.92039861950438  6.6685330913e-07
4.6500      0.92076351010532   0.92076417535054  6.6524522002e-07
4.6550      0.92112753266313   0.92112819630099  6.6363786244e-07
4.6600      0.92149002544967   0.92149068748092  6.6203125515e-07
4.6650      0.92185099358517   0.92185165401059  6.6042541724e-07
4.6700      0.92221044218487   0.92221110100524  6.5882036759e-07
4.6750      0.92256837635884   0.92256903357496  6.5721612497e-07
4.6800      0.92292480121188   0.92292545682459  6.5561270790e-07
4.6850      0.92327972184343   0.92328037585356  6.5401013527e-07
4.6900      0.92363314334739   0.92363379575581  6.5240842528e-07
4.6950      0.92398507081206   0.92398572161965  6.5080759637e-07
4.7000      0.92433550932000   0.92433615852766  6.4920766696e-07
4.7050      0.92468446394792   0.92468511155657  6.4760865526e-07
4.7100      0.92503193976656   0.92503258577714  6.4601057925e-07
4.7150      0.92537794184060   0.92537858625405  6.4441345726e-07
4.7200      0.92572247522852   0.92572311804583  6.4281730694e-07
4.7250      0.92606554498253   0.92606618620468  6.4122214638e-07
4.7300      0.92640715614843   0.92640779577642  6.3962799313e-07
4.7350      0.92674731376550   0.92674795180037  6.3803486494e-07
4.7400      0.92708602286644   0.92708665930922  6.3644277926e-07
4.7450      0.92742328847721   0.92742392332897  6.3485175383e-07
4.7500      0.92775911561699   0.92775974887879  6.3326180588e-07
4.7550      0.92809350929800   0.92809414097095  6.3167295272e-07
4.7600      0.92842647452548   0.92842710461069  6.3008521145e-07
4.7650      0.92875801629755   0.92875864479615  6.2849859928e-07
4.7700      0.92908813960512   0.92908876651825  6.2691313329e-07
4.7750      0.92941684943178   0.92941747476061  6.2532883027e-07
4.7800      0.92974415075374   0.92974477449945  6.2374570697e-07
4.7850      0.93007004853972   0.93007067070350  6.2216378016e-07
4.7900      0.93039454775083   0.93039516833390  6.2058306660e-07
4.7950      0.93071765334053   0.93071827234411  6.1900358261e-07
4.8000      0.93103937025450   0.93103998767985  6.1742534485e-07
4.8050      0.93135970343058   0.93136031927895  6.1584836941e-07
4.8100      0.93167865779866   0.93167927207134  6.1427267284e-07
4.8150      0.93199623828060   0.93199685097887  6.1269827112e-07
4.8200      0.93231244979016   0.93231306091534  6.1112518024e-07
4.8250      0.93262729723290   0.93262790678631  6.0955341619e-07
4.8300      0.93294078550609   0.93294139348908  6.0798299484e-07
4.8350      0.93325291949866   0.93325352591259  6.0641393207e-07
4.8400      0.93356370409110   0.93356430893735  6.0484624342e-07
4.8450      0.93387314415537   0.93387374743532  6.0327994433e-07
4.8500      0.93418124455485   0.93418184626990  6.0171505067e-07
4.8550      0.93448801014422   0.93448861029580  6.0015157743e-07
4.8600      0.93479344576945   0.93479404435899  5.9858954005e-07
4.8650      0.93509755626765   0.93509815329660  5.9702895372e-07
4.8700      0.93540034646706   0.93540094193689  5.9546983344e-07
4.8750      0.93570182118694   0.93570241509913  5.9391219431e-07
4.8800      0.93600198523751   0.93600257759356  5.9235605099e-07
4.8850      0.93630084341988   0.93630143422130  5.9080141857e-07
4.8900      0.93659840052599   0.93659898977430  5.8924831148e-07
4.8950      0.93689466133852   0.93689524903526  5.8769674471e-07
4.9000      0.93718963063084   0.93719021677757  5.8614673226e-07
4.9050      0.93748331316695   0.93748389776524  5.8459828889e-07
4.9100      0.93777571370138   0.93777629675281  5.8305142880e-07
4.9150      0.93806683697918   0.93806741848534  5.8150616600e-07
4.9200      0.93835668773580   0.93835726769831  5.7996251490e-07
4.9250      0.93864527069708   0.93864584911757  5.7842048962e-07
4.9300      0.93893259057916   0.93893316745926  5.7688010335e-07
4.9350      0.93921865208841   0.93921922742978  5.7534137088e-07
4.9400      0.93950345992140   0.93950403372571  5.7380430540e-07
4.9450      0.93978701876483   0.93978759103375  5.7226892036e-07
4.9500      0.94006933329547   0.94006990403070  5.7073522952e-07
4.9550      0.94035040818010   0.94035097738335  5.6920324643e-07
4.9600      0.94063024807547   0.94063081574845  5.6767298406e-07
4.9650      0.94090885762822   0.94090942377268  5.6614445609e-07
4.9700      0.94118624147487   0.94118680609255  5.6461767528e-07
4.9750      0.94146240424172   0.94146296733438  5.6309265495e-07
4.9800      0.94173735054484   0.94173791211425  5.6156940775e-07
4.9850      0.94201108498998   0.94201164503792  5.6004794680e-07
4.9900      0.94228361217255   0.94228417070083  5.5852828462e-07
4.9950      0.94255493667757   0.94255549368800  5.5701043389e-07
5.0000      0.94282506307961   0.94282561857401  5.5549440725e-07
###  max_n |e_n|=1.1042980272e-06