# Time t_n, Numerical sol. X_n, Exact sol. x(t_n), Error e_n
0.0000      2.00000000000000   2.00000000000000  0.0000000000e+00
0.5000      1.50000000000000   1.43526659839358  6.4733401606e-02
1.0000      1.27734375000000   1.22539967356056  5.1944076439e-02
1.5000      1.16121428318729   1.12557484805250  3.5639435135e-02
2.0000      1.09636732169378   1.07257888349575  2.3788438198e-02
2.5000      1.05859480337726   1.04279908054580  1.5795722831e-02
3.0000      1.03600240912354   1.02552904227037  1.0473366853e-02
3.5000      1.02226420134477   1.01533015702598  6.9340443188e-03
4.0000      1.01382354726509   1.00924246022634  4.5810870387e-03
4.5000      1.00860421549090   1.00558552304722  3.0186924437e-03
5.0000      1.00536383286494   1.00338036184903  1.9834710159e-03
###  max_n |e_n|=6.4733401606e-02