# Time t_n, Numerical sol. X_n, Exact sol. x(t_n), Error e_n
0.0000      0.10000000000000   0.10000000000000  0.0000000000e+00
0.5000      0.15349375000000   0.15482809896025  1.3343489603e-03
1.0000      0.22866097644115   0.23196931668407  3.3083402429e-03
1.5000      0.32686864601824   0.33242786174312  5.5592157249e-03
2.0000      0.44337904058395   0.45085306037928  7.4740197953e-03
2.5000      0.56646279630589   0.57512085136451  8.6580550586e-03
3.0000      0.68140418766499   0.69056785770302  9.1636700380e-03
3.5000      0.77715950226354   0.78630171157068  9.1422093071e-03
4.0000      0.84987649236584   0.85848644975821  8.6099573924e-03
4.5000      0.90149244464679   0.90910663759098  7.6141929442e-03
5.0000      0.93648795533972   0.94282561857401  6.3376632343e-03
###  max_n |e_n|=9.1636700380e-03