# Time t_n, Numerical sol. X_n, Exact sol. x(t_n), Error e_n
0.0000      2.00000000000000   2.00000000000000  0.0000000000e+00
0.0050      1.99007475000000   1.99007446221161  2.8778839178e-07
0.0100      1.98029629176620   1.98029572827782  5.6348837485e-07
0.0150      1.97066151230705   1.97066068470425  8.2760279274e-07
0.0200      1.96116738590052   1.96116630528919  1.0806113335e-06
0.0250      1.95181097105656   1.95180964808484  1.3229717235e-06
0.0300      1.94258940760552   1.94258785248467  1.5551208541e-06
0.0350      1.93349991390654   1.93349813643070  1.7774758412e-06
0.0400      1.92453978417013   1.92453779373510  1.9904350288e-06
0.0450      1.91570638588958   1.91570419151065  2.1943789319e-06
0.0500      1.90699715737603   1.90699476770490  2.3896711285e-06
0.0550      1.89840960539237   1.89840702873327  2.5766591021e-06
0.0600      1.88994130288137   1.88993854720633  2.7556750377e-06
0.0650      1.88158988678369   1.88158695974711  2.9270365729e-06
0.0700      1.87335305594169   1.87334996489418  3.0910475086e-06
0.0750      1.86522856908506   1.86522532108658  3.2479984811e-06
0.0800      1.85721424289462   1.85721084472702  3.3981675984e-06
0.0850      1.84930795014075   1.84930440831971  3.5418210413e-06
0.0900      1.84150761789312   1.84150393867949  3.6792136333e-06
0.0950      1.83381122579857   1.83380741520919  3.8105893787e-06
0.1000      1.82621680442410   1.82621286824212  3.9361819766e-06
0.1050      1.81872243366215   1.81871837744685  4.0562153003e-06
0.1100      1.81132624119545   1.81132207029159  4.1709038605e-06
0.1150      1.80402640101882   1.80402212056559  4.2804532376e-06
0.1200      1.79682113201552   1.79681674695503  4.3850604956e-06
0.1250      1.78970869658581   1.78970421167123  4.4849145724e-06
0.1300      1.78268739932544   1.78268281912879  4.5801966526e-06
0.1350      1.77575558575208   1.77575091467156  4.6710805197e-06
0.1400      1.76891164107755   1.76890688334466  4.7577328899e-06
0.1450      1.76215398902396   1.76214914871023  4.8403137312e-06
0.1500      1.75548109068211   1.75547617170554  4.9189765661e-06
0.1550      1.74889144341006   1.74888644954130  4.9938687574e-06
0.1600      1.74238357977061   1.74237851463882  5.0651317827e-06
0.1650      1.73595606650581   1.73595093360432  5.1329014916e-06
0.1700      1.72960750354719   1.72960230623883  5.1973083559e-06
0.1750      1.72333652306008   1.72333126458238  5.2584777024e-06
0.1800      1.71714178852087   1.71713647199094  5.3165299363e-06
0.1850      1.71102199382577   1.71101662224501  5.3715807558e-06
0.1900      1.70497586242975   1.70497043868839  5.4237413527e-06
0.1950      1.69900214651470   1.69899667339609  5.4731186065e-06
0.2000      1.69309962618544   1.69309410637017  5.5198152691e-06
0.2050      1.68726710869259   1.68726154476246  5.5639301375e-06
0.2100      1.68150342768129   1.68149782212307  5.6055582229e-06
0.2150      1.67580744246469   1.67580179767378  5.6447909100e-06
0.2200      1.67017803732135   1.67017235560524  5.6817161074e-06
0.2250      1.66461412081554   1.66460840439714  5.7164183926e-06
0.2300      1.65911462513970   1.65910887616055  5.7489791516e-06
0.2350      1.65367850547810   1.65367272600140  5.7794767094e-06
0.2400      1.64830473939096   1.64829893140451  5.8079864560e-06
0.2450      1.64299232621827   1.64298649163730  5.8345809668e-06
0.2500      1.63774028650257   1.63773442717245  5.8593301171e-06
0.2550      1.63254766143003   1.63254177912883  5.8823011915e-06
0.2600      1.62741351228903   1.62740760873005  5.9035589892e-06
0.2650      1.62233691994582   1.62233099677990  5.9231659228e-06
0.2700      1.61731698433637   1.61731104315425  5.9411821154e-06
0.2750      1.61235282397405   1.61234686630856  5.9576654905e-06
0.2800      1.60744357547251   1.60743760280065  5.9726718604e-06
0.2850      1.60258839308311   1.60258240682810  5.9862550092e-06
0.2900      1.59778644824651   1.59778044977973  5.9984667726e-06
0.2950      1.59303692915789   1.59303091980077  6.0093571153e-06
0.3000      1.58833904034527   1.58833302137106  6.0189742022e-06
0.3050      1.58369200226050   1.58368597489603  6.0273644706e-06
0.3100      1.57909505088252   1.57908901630982  6.0345726958e-06
0.3150      1.57454743733239   1.57454139669033  6.0406420559e-06
0.3200      1.57004842749972   1.57004238188553  6.0456141928e-06
0.3250      1.56559730168015   1.56559125215087  6.0495292715e-06
0.3300      1.56119335422336   1.56118730179732  6.0524260359e-06
0.3350      1.55683589319149   1.55682983884963  6.0543418636e-06
0.3400      1.55252424002736   1.55251818471455  6.0553128172e-06
0.3450      1.54825772923233   1.54825167385864  6.0553736940e-06
0.3500      1.54403570805341   1.54402965349534  6.0545580733e-06
0.3550      1.53985753617934   1.53985148328097  6.0528983628e-06
0.3600      1.53572258544529   1.53571653501945  6.0504258410e-06
0.3650      1.53163023954602   1.53162419237532  6.0471707013e-06
0.3700      1.52757989375699   1.52757385059490  6.0431620896e-06
0.3750      1.52357095466344   1.52356491623529  6.0384281453e-06
0.3800      1.51960283989697   1.51959680690093  6.0329960372e-06
0.3850      1.51567497787949   1.51566895098749  6.0268919988e-06
0.3900      1.51178680757418   1.51178078743282  6.0201413634e-06
0.3950      1.50793777824345   1.50793176547486  6.0127685961e-06
0.4000      1.50412734921342   1.50412134441609  6.0047973265e-06
0.4050      1.50035498964487   1.50034899339449  5.9962503767e-06
0.4100      1.49662017831047   1.49661419116067  5.9871497928e-06
0.4150      1.49292240337797   1.49291642586110  5.9775168717e-06
0.4200      1.48926116219929   1.48925519482710  5.9673721877e-06
0.4250      1.48563596110519   1.48563000436958  5.9567356185e-06
0.4300      1.48204631520555   1.48204036957918  5.9456263706e-06
0.4350      1.47849174819481   1.47848581413181  5.9340630019e-06
0.4400      1.47497179216270   1.47496587009925  5.9220634465e-06
0.4450      1.47148598740984   1.47148007776481  5.9096450342e-06
0.4500      1.46803388226829   1.46802798544377  5.8968245142e-06
0.4550      1.46461503292669   1.46460914930862  5.8836180736e-06
0.4600      1.46122900326002   1.46122313321867  5.8700413577e-06
0.4650      1.45787536466374   1.45786950855425  5.8561094898e-06
0.4700      1.45455369589217   1.45454785405508  5.8418370876e-06
0.4750      1.45126358290112   1.45125775566284  5.8272382819e-06
0.4800      1.44800461869447   1.44799880636774  5.8123267328e-06
0.4850      1.44477640317462   1.44477060605897  5.7971156466e-06
0.4900      1.44157854299685   1.44157276137906  5.7816177912e-06
0.4950      1.43841065142727   1.43840488558176  5.7658455095e-06
0.5000      1.43527234820432   1.43526659839358  5.7498107371e-06
0.5050      1.43216325940385   1.43215752587884  5.7335250128e-06
0.5100      1.42908301730744   1.42907730030794  5.7169994943e-06
0.5150      1.42603126027407   1.42602556002909  5.7002449705e-06
0.5200      1.42300763261491   1.42300194934304  5.6832718736e-06
0.5250      1.42001178447128   1.42000611838099  5.6660902916e-06
0.5300      1.41704337169545   1.41703772298548  5.6487099791e-06
0.5350      1.41410205573455   1.41409642459418  5.6311403702e-06
0.5400      1.41118750351712   1.41118189012653  5.6133905864e-06
0.5450      1.40829938734250   1.40829379187305  5.5954694498e-06
0.5500      1.40543738477294   1.40543180738745  5.5773854917e-06
0.5550      1.40260117852815   1.40259561938119  5.5591469619e-06
0.5600      1.39979045638253   1.39978491562069  5.5407618393e-06
0.5650      1.39700491106478   1.39699938882694  5.5222378397e-06
0.5700      1.39424424015984   1.39423873657742  5.5035824251e-06
0.5750      1.39150814601330   1.39150266121049  5.4848028113e-06
0.5800      1.38879633563790   1.38879086973192  5.4659059767e-06
0.5850      1.38610852062233   1.38610307372366  5.4468986705e-06
0.5900      1.38344441704212   1.38343898925471  5.4277874186e-06
0.5950      1.38080374537262   1.38079833679409  5.4085785326e-06
0.6000      1.37818623040398   1.37818084112586  5.3892781153e-06
0.6050      1.37559160115811   1.37558623126604  5.3698920686e-06
0.6100      1.37301959080757   1.37301424038147  5.3504260988e-06
0.6150      1.37046993659626   1.37046460571054  5.3308857246e-06
0.6200      1.36794237976201   1.36793706848573  5.3112762819e-06
0.6250      1.36543666546085   1.36543137385792  5.2916029296e-06
0.6300      1.36295254269301   1.36294727082236  5.2718706562e-06
0.6350      1.36048976423068   1.36048451214639  5.2520842844e-06
0.6400      1.35804808654725   1.35804285429877  5.2322484767e-06
0.6450      1.35562726974826   1.35562205738052  5.2123677405e-06
0.6500      1.35322707750383   1.35322188505740  5.1924464335e-06
0.6550      1.35084727698263   1.35084210449386  5.1724887677e-06
0.6600      1.34848763878724   1.34848248628843  5.1524988145e-06
0.6650      1.34614793689107   1.34614280441056  5.1324805090e-06
0.6700      1.34382794857650   1.34382283613884  5.1124376539e-06
0.6750      1.34152745437453   1.34152236200061  5.0923739248e-06
0.6800      1.33924623800568   1.33924116571280  5.0722928733e-06
0.6850      1.33698408632213   1.33697903412420  5.0521979309e-06
0.6900      1.33474078925122   1.33473575715881  5.0320924132e-06
0.6950      1.33251613974011   1.33251112776058  5.0119795234e-06
0.7000      1.33030993370158   1.33030494183922  4.9918623559e-06
0.7050      1.32812196996113   1.32811699821723  4.9717438992e-06
0.7100      1.32595205020509   1.32594709857805  4.9516270397e-06
0.7150      1.32379997892988   1.32379504741531  4.9315145649e-06
0.7200      1.32166556339233   1.32166065198317  4.9114091665e-06
0.7250      1.31954861356112   1.31954372224768  4.8913134425e-06
0.7300      1.31744894206913   1.31744407083923  4.8712299021e-06
0.7350      1.31536636416687   1.31536151300590  4.8511609660e-06
0.7400      1.31330069767687   1.31329586656790  4.8311089713e-06
0.7450      1.31125176294902   1.31124695187285  4.8110761726e-06
0.7500      1.30921938281683   1.30921459175208  4.7910647449e-06
0.7550      1.30720338255458   1.30719861147779  4.7710767868e-06
0.7600      1.30520358983541   1.30519883872109  4.7511143222e-06
0.7650      1.30321983469022   1.30321510351092  4.7311793026e-06
0.7700      1.30125194946742   1.30124723819381  4.7112736092e-06
0.7750      1.29929976879355   1.29929507739449  4.6913990559e-06
0.7800      1.29736312953461   1.29735845797722  4.6715573905e-06
0.7850      1.29544187075826   1.29543721900797  4.6517502974e-06
0.7900      1.29353583369678   1.29353120171738  4.6319793983e-06
0.7950      1.29164486171069   1.29164024946444  4.6122462558e-06
0.8000      1.28976880025322   1.28976420770084  4.5925523739e-06
0.8050      1.28790749683538   1.28790292393618  4.5728992011e-06
0.8100      1.28606080099183   1.28605624770370  4.5532881301e-06
0.8150      1.28422856424734   1.28422403052684  4.5337205019e-06
0.8200      1.28241064008399   1.28240612588638  4.5141976057e-06
0.8250      1.28060688390894   1.28060238918826  4.4947206808e-06
0.8300      1.27881715302290   1.27881267773198  4.4752909187e-06
0.8350      1.27704130658921   1.27703685067975  4.4559094639e-06
0.8400      1.27527920560349   1.27527476902607  4.4365774157e-06
0.8450      1.27353071286389   1.27352629556806  4.4172958298e-06
0.8500      1.27179569294198   1.27179129487626  4.3980657189e-06
0.8550      1.27007401215409   1.27006963326604  4.3788880548e-06
0.8600      1.26836553853333   1.26836117876956  4.3597637689e-06
0.8650      1.26667014180204   1.26666580110829  4.3406937544e-06
0.8700      1.26498769334485   1.26498337166598  4.3216788665e-06
0.8750      1.26331806618219   1.26331376346227  4.3027199239e-06
0.8800      1.26166113494438   1.26165685112667  4.2838177101e-06
0.8850      1.26001677584611   1.26001251087313  4.2649729746e-06
0.8900      1.25838486666151   1.25838062047508  4.2461864331e-06
0.8950      1.25676528669964   1.25676105924087  4.2274587697e-06
0.9000      1.25515791678041   1.25515370798978  4.2087906371e-06
0.9050      1.25356263921104   1.25355844902838  4.1901826582e-06
0.9100      1.25197933776283   1.25197516612741  4.1716354251e-06
0.9150      1.25040789764854   1.25040374449904  4.1531495039e-06
0.9200      1.24884820550001   1.24884407077458  4.1347254307e-06
0.9250      1.24730014934632   1.24729603298260  4.1163637166e-06
0.9300      1.24576361859227   1.24575952052742  4.0980648459e-06
0.9350      1.24423850399734   1.24423442416807  4.0798292780e-06
0.9400      1.24272469765499   1.24272063599754  4.0616574486e-06
0.9450      1.24122209297230   1.24121804942253  4.0435497690e-06
0.9500      1.23973058465006   1.23972655914343  4.0255066285e-06
0.9550      1.23825006866317   1.23824606113478  4.0075283931e-06
0.9600      1.23678044224143   1.23677645262602  3.9896154085e-06
0.9650      1.23532160385063   1.23531763208263  3.9717679992e-06
0.9700      1.23387345317404   1.23386949918757  3.9539864694e-06
0.9750      1.23243589109418   1.23243195482308  3.9362711040e-06
0.9800      1.23100881967496   1.23100490105279  3.9186221690e-06
0.9850      1.22959214214409   1.22958824110418  3.9010399118e-06
0.9900      1.22818576287586   1.22818187935130  3.8835245622e-06
0.9950      1.22678958737419   1.22678572129786  3.8660763331e-06
1.0000      1.22540352225598   1.22539967356056  3.8486954204e-06
1.0050      1.22402747523479   1.22402364385279  3.8313820041e-06
1.0100      1.22266135510473   1.22265754096848  3.8141362484e-06
1.0150      1.22130507172474   1.22130127476644  3.7969583024e-06
1.0200      1.21995853600304   1.21995475615474  3.7798483006e-06
1.0250      1.21862165988194   1.21861789707557  3.7628063636e-06
1.0300      1.21729435632284   1.21729061049024  3.7458325974e-06
1.0350      1.21597653929155   1.21597281036445  3.7289270955e-06
1.0400      1.21466812374383   1.21466441165389  3.7120899385e-06
1.0450      1.21336902561117   1.21336533028998  3.6953211944e-06
1.0500      1.21207916178687   1.21207548316596  3.6786209185e-06
1.0550      1.21079845011230   1.21079478812315  3.6619891555e-06
1.0600      1.20952680936340   1.20952316393746  3.6454259378e-06
1.0650      1.20826415923746   1.20826053030618  3.6289312877e-06
1.0700      1.20701042034008   1.20700680783486  3.6125052167e-06
1.0750      1.20576551417234   1.20576191802461  3.5961477254e-06
1.0800      1.20452936311824   1.20452578325943  3.5798588056e-06
1.0850      1.20330189043233   1.20329832679389  3.5636384388e-06
1.0900      1.20208302022749   1.20207947274089  3.5474865974e-06
1.0950      1.20087267746302   1.20086914605977  3.5314032445e-06
1.1000      1.19967078793284   1.19966727254450  3.5153883355e-06
1.1050      1.19847727825394   1.19847377881212  3.4994418165e-06
1.1100      1.19729207585498   1.19728859229136  3.4835636262e-06
1.1150      1.19611510896514   1.19611164121145  3.4677536949e-06
1.1200      1.19494630660308   1.19494285459113  3.4520119456e-06
1.1250      1.19378559856612   1.19378216222782  3.4363382941e-06
1.1300      1.19263291541963   1.19262949468698  3.4207326491e-06
1.1350      1.19148818848653   1.19148478329162  3.4051949127e-06
1.1400      1.19035134983701   1.19034796011203  3.3897249800e-06
1.1450      1.18922233227838   1.18921895795564  3.3743227403e-06
1.1500      1.18810106934513   1.18809771035705  3.3589880766e-06
1.1550      1.18698749528910   1.18698415156824  3.3437208657e-06
1.1600      1.18588154506987   1.18587821654889  3.3285209791e-06
1.1650      1.18478315434524   1.18477984095695  3.3133882824e-06
1.1700      1.18369225946189   1.18368896113926  3.2983226363e-06
1.1750      1.18260879744624   1.18260551412234  3.2833238970e-06
1.1800      1.18153270599536   1.18152943760345  3.2683919142e-06
1.1850      1.18046392346810   1.18046066994156  3.2535265344e-06
1.1900      1.17940238887632   1.17939915014872  3.2387275986e-06
1.1950      1.17834804187631   1.17834481788136  3.2239949439e-06
1.2000      1.17730082276027   1.17729761343186  3.2093284033e-06
1.2050      1.17626067244799   1.17625747772019  3.1947278052e-06
1.2100      1.17522753247864   1.17522435228567  3.1801929747e-06
1.2150      1.17420134500268   1.17419817927895  3.1657237329e-06
1.2200      1.17318205277389   1.17317890145400  3.1513198973e-06
1.2250      1.17216959914157   1.17216646216029  3.1369812818e-06
1.2300      1.17116392804279   1.17116080533509  3.1227076975e-06
1.2350      1.17016498399483   1.17016187549588  3.1084989518e-06
1.2400      1.16917271208771   1.16916961773286  3.0943548492e-06
1.2450      1.16818705797680   1.16818397770161  3.0802751916e-06
1.2500      1.16720796787561   1.16720490161583  3.0662597776e-06
1.2550      1.16623538854864   1.16623233624024  3.0523084036e-06
1.2600      1.16526926730437   1.16526622888350  3.0384208629e-06
1.2650      1.16430955198833   1.16430652739138  3.0245969471e-06
1.2700      1.16335619097630   1.16335318013986  3.0108364448e-06
1.2750      1.16240913316761   1.16240613602847  2.9971391426e-06
1.2800      1.16146832797853   1.16146534447370  2.9835048252e-06
1.2850      1.16053372533575   1.16053075540247  2.9699332751e-06
1.2900      1.15960527567001   1.15960231924573  2.9564242727e-06
1.2950      1.15868292990975   1.15867998693215  2.9429775970e-06
1.3000      1.15776663947494   1.15776370988191  2.9295930246e-06
1.3050      1.15685635627092   1.15685344000059  2.9162703312e-06
1.3100      1.15595203268241   1.15594912967311  2.9030092907e-06
1.3150      1.15505362156751   1.15505073175783  2.8898096751e-06
1.3200      1.15416107625193   1.15415819958067  2.8766712554e-06
1.3250      1.15327435052316   1.15327148692935  2.8635938016e-06
1.3300      1.15239339862482   1.15239054804773  2.8505770817e-06
1.3350      1.15151817525106   1.15151533763020  2.8376208627e-06
1.3400      1.15064863554106   1.15064581081615  2.8247249113e-06
1.3450      1.14978473507359   1.14978192318460  2.8118889921e-06
1.3500      1.14892642986164   1.14892363074877  2.7991128695e-06
1.3550      1.14807367634717   1.14807088995086  2.7863963066e-06
1.3600      1.14722643139592   1.14722365765685  2.7737390660e-06
1.3650      1.14638465229227   1.14638189115136  2.7611409092e-06
1.3700      1.14554829673421   1.14554554813261  2.7486015974e-06
1.3750      1.14471732282835   1.14471458670746  2.7361208905e-06
1.3800      1.14389168908502   1.14388896538648  2.7236985487e-06
1.3850      1.14307135441349   1.14306864307916  2.7113343308e-06
1.3900      1.14225627811711   1.14225357908912  2.6990279955e-06
1.3950      1.14144641988873   1.14144373310943  2.6867793017e-06
1.4000      1.14064173980598   1.14063906521797  2.6745880068e-06
1.4050      1.13984219832677   1.13983953587290  2.6624538683e-06
1.4100      1.13904775628478   1.13904510590813  2.6503766437e-06
1.4150      1.13825837488501   1.13825573652892  2.6383560900e-06
1.4200      1.13747401569945   1.13747138930748  2.6263919641e-06
1.4250      1.13669464066273   1.13669202617871  2.6144840226e-06
1.4300      1.13592021206793   1.13591760943590  2.6026320223e-06
1.4350      1.13515069256233   1.13514810172661  2.5908357197e-06
1.4400      1.13438604514333   1.13438346604846  2.5790948712e-06
1.4450      1.13362623315438   1.13362366574515  2.5674092332e-06
1.4500      1.13287122028094   1.13286866450238  2.5557785623e-06
1.4550      1.13212097054655   1.13211842634394  2.5442026155e-06
1.4600      1.13137544830892   1.13137291562777  2.5326811490e-06
1.4650      1.13063461825607   1.13063209704215  2.5212139201e-06
1.4700      1.12989844540257   1.12989593560189  2.5098006855e-06
1.4750      1.12916689508577   1.12916439664457  2.4984412028e-06
1.4800      1.12843993296211   1.12843744582688  2.4871352293e-06
1.4850      1.12771752500351   1.12771504912099  2.4758825228e-06
1.4900      1.12699963749376   1.12699717281092  2.4646828412e-06
1.4950      1.12628623702496   1.12628378348902  2.4535359433e-06
1.5000      1.12557729049409   1.12557484805250  2.4424415876e-06
1.5050      1.12487276509949   1.12487033369995  2.4313995333e-06
1.5100      1.12417262833752   1.12417020792798  2.4204095395e-06
1.5150      1.12347684799920   1.12347443852783  2.4094713664e-06
1.5200      1.12278539216687   1.12278299358210  2.3985847746e-06
1.5250      1.12209822921099   1.12209584146146  2.3877495245e-06
1.5300      1.12141532778685   1.12141295082147  2.3769653776e-06
1.5350      1.12073665683145   1.12073429059936  2.3662320960e-06
1.5400      1.12006218556037   1.12005983001093  2.3555494415e-06
1.5450      1.11939188346463   1.11938953854746  2.3449171773e-06
1.5500      1.11872572030771   1.11872338597264  2.3343350668e-06
1.5550      1.11806366612248   1.11806134231961  2.3238028739e-06
1.5600      1.11740569120828   1.11740337788791  2.3133203635e-06
1.5650      1.11675176612796   1.11674946324066  2.3028873004e-06
1.5700      1.11610186170502   1.11609956920157  2.2925034509e-06
1.5750      1.11545594902072   1.11545366685214  2.2821685812e-06
1.5800      1.11481399941131   1.11481172752886  2.2718824586e-06
1.5850      1.11417598446523   1.11417372282038  2.2616448507e-06
1.5900      1.11354187602036   1.11353962456484  2.2514555265e-06
1.5950      1.11291164616134   1.11290940484708  2.2413142549e-06
1.6000      1.11228526721687   1.11228303599606  2.2312208059e-06
1.6050      1.11166271175712   1.11166049058217  2.2211749500e-06
1.6100      1.11104395259109   1.11104174141463  2.2111764584e-06
1.6150      1.11042896276406   1.11042676153896  2.2012251035e-06
1.6200      1.10981771555505   1.10981552423439  2.1913206585e-06
1.6250      1.10921018447434   1.10920800301144  2.1814628963e-06
1.6300      1.10860634326096   1.10860417160937  2.1716515921e-06
1.6350      1.10800616588031   1.10800400399379  2.1618865207e-06
1.6400      1.10740962652170   1.10740747435424  2.1521674582e-06
1.6450      1.10681669959601   1.10681455710183  2.1424941812e-06
1.6500      1.10622735973335   1.10622522686688  2.1328664672e-06
1.6550      1.10564158178069   1.10563945849660  2.1232840948e-06
1.6600      1.10505934079966   1.10505722705282  2.1137468433e-06
1.6650      1.10448061206423   1.10447850780974  2.1042544929e-06
1.6700      1.10390537105851   1.10390327625169  2.0948068240e-06
1.6750      1.10333359347454   1.10333150807092  2.0854036189e-06
1.6800      1.10276525521012   1.10276317916546  2.0760446597e-06
1.6850      1.10220033236668   1.10219826563695  2.0667297305e-06
1.6900      1.10163880124714   1.10163674378852  2.0574586150e-06
1.6950      1.10108063835383   1.10107859012273  2.0482310987e-06
1.7000      1.10052582038643   1.10052378133947  2.0390469673e-06
1.7050      1.09997432423994   1.09997229433394  2.0299060079e-06
1.7100      1.09942612700264   1.09942410619463  2.0208080085e-06
1.7150      1.09888120595411   1.09887919420135  2.0117527573e-06
1.7200      1.09833953856328   1.09833753582323  2.0027400442e-06
1.7250      1.09780110248648   1.09779910871682  1.9937696598e-06
1.7300      1.09726587556554   1.09726389072414  1.9848413948e-06
1.7350      1.09673383582585   1.09673185987081  1.9759550423e-06
1.7400      1.09620496147457   1.09620299436418  1.9671103946e-06
1.7450      1.09567923089871   1.09567727259146  1.9583072459e-06
1.7500      1.09515662266334   1.09515467311794  1.9495453913e-06
1.7550      1.09463711550979   1.09463517468516  1.9408246266e-06
1.7600      1.09412068835387   1.09411875620912  1.9321447484e-06
1.7650      1.09360732028411   1.09360539677855  1.9235055544e-06
1.7700      1.09309699056001   1.09309507565317  1.9149068431e-06
1.7750      1.09258967861036   1.09258777226195  1.9063484140e-06
1.7800      1.09208536403151   1.09208346620144  1.8978300671e-06
1.7850      1.09158402658570   1.09158213723409  1.8893516041e-06
1.7900      1.09108564619943   1.09108376528660  1.8809128270e-06
1.7950      1.09059020296182   1.09058833044828  1.8725135389e-06
1.8000      1.09009767712297   1.09009581296943  1.8641535438e-06
1.8050      1.08960804909240   1.08960619325975  1.8558326462e-06
1.8100      1.08912129943744   1.08911945188678  1.8475506525e-06
1.8150      1.08863740888170   1.08863556957433  1.8393073691e-06
1.8200      1.08815635830352   1.08815452720092  1.8311026035e-06
1.8250      1.08767812873445   1.08767630579829  1.8229361647e-06
1.8300      1.08720270135776   1.08720088654990  1.8148078618e-06
1.8350      1.08673005750693   1.08672825078942  1.8067175049e-06
1.8400      1.08626017866419   1.08625837999928  1.7986649057e-06
1.8450      1.08579304645909   1.08579125580921  1.7906498762e-06
1.8500      1.08532864266706   1.08532685999483  1.7826722294e-06
1.8550      1.08486694920797   1.08486517447619  1.7747317793e-06
1.8600      1.08440794814476   1.08440618131642  1.7668283410e-06
1.8650      1.08395162168205   1.08394986272032  1.7589617303e-06
1.8700      1.08349795216476   1.08349620103299  1.7511317634e-06
1.8750      1.08304692207676   1.08304517873850  1.7433382584e-06
1.8800      1.08259851403956   1.08259677845852  1.7355810333e-06
1.8850      1.08215271081095   1.08215098295105  1.7278599078e-06
1.8900      1.08170949528375   1.08170777510904  1.7201747025e-06
1.8950      1.08126885048444   1.08126713795921  1.7125252376e-06
1.9000      1.08083075957199   1.08082905466065  1.7049113359e-06
1.9050      1.08039520583648   1.08039350850366  1.6973328201e-06
1.9100      1.07996217269797   1.07996048290845  1.6897895139e-06
1.9150      1.07953164370518   1.07952996142394  1.6822812423e-06
1.9200      1.07910360253432   1.07910192772649  1.6748078309e-06
1.9250      1.07867803298789   1.07867636561878  1.6673691057e-06
1.9300      1.07825491899344   1.07825325902854  1.6599648944e-06
1.9350      1.07783424460245   1.07783259200743  1.6525950255e-06
1.9400      1.07741599398915   1.07741434872982  1.6452593274e-06
1.9450      1.07700015144935   1.07699851349172  1.6379576306e-06
1.9500      1.07658670139932   1.07658507070955  1.6306897657e-06
1.9550      1.07617562837467   1.07617400491910  1.6234555644e-06
1.9600      1.07576691702922   1.07576530077437  1.6162548593e-06
1.9650      1.07536055213395   1.07535894304646  1.6090874837e-06
1.9700      1.07495651857582   1.07495491662255  1.6019532718e-06
1.9750      1.07455480135680   1.07455320650474  1.5948520591e-06
1.9800      1.07415538559273   1.07415379780905  1.5877836814e-06
1.9850      1.07375825651232   1.07375667576434  1.5807479752e-06
1.9900      1.07336339945607   1.07336182571129  1.5737447785e-06
1.9950      1.07297079987529   1.07296923310136  1.5667739297e-06
2.0000      1.07258044333102   1.07257888349575  1.5598352678e-06
2.0050      1.07219231549309   1.07219076256446  1.5529286335e-06
2.0100      1.07180640213909   1.07180485608522  1.5460538674e-06
2.0150      1.07142268915339   1.07142114994258  1.5392108115e-06
2.0200      1.07104116252617   1.07103963012686  1.5323993081e-06
2.0250      1.07066180835247   1.07066028273327  1.5256192012e-06
2.0300      1.07028461283122   1.07028309396089  1.5188703348e-06
2.0350      1.06990956226433   1.06990805011177  1.5121525543e-06
2.0400      1.06953664305571   1.06953513759000  1.5054657050e-06
2.0450      1.06916584171040   1.06916434290077  1.4988096337e-06
2.0500      1.06879714483363   1.06879565264945  1.4921841887e-06
2.0550      1.06843053912994   1.06842905354073  1.4855892176e-06
2.0600      1.06806601140227   1.06806453237770  1.4790245697e-06
2.0650      1.06770354855107   1.06770207606098  1.4724900947e-06
2.0700      1.06734313757348   1.06734167158784  1.4659856440e-06
2.0750      1.06698476556241   1.06698330605134  1.4595110687e-06
2.0800      1.06662841970572   1.06662696663950  1.4530662207e-06
2.0850      1.06627408728537   1.06627264063441  1.4466509535e-06
2.0900      1.06592175567656   1.06592031541144  1.4402651205e-06
2.0950      1.06557141234696   1.06556997843838  1.4339085772e-06
2.1000      1.06522304485584   1.06522161727466  1.4275811779e-06
2.1050      1.06487664085328   1.06487521957050  1.4212827792e-06
2.1100      1.06453218807939   1.06453077306615  1.4150132381e-06
2.1150      1.06418967436347   1.06418826559106  1.4087724125e-06
2.1200      1.06384908762330   1.06384768506314  1.4025601602e-06
2.1250      1.06351041586428   1.06350901948794  1.3963763408e-06
2.1300      1.06317364717873   1.06317225695792  1.3902208140e-06
2.1350      1.06283876974512   1.06283738565168  1.3840934407e-06
2.1400      1.06250577182728   1.06250439383320  1.3779940822e-06
2.1450      1.06217464177371   1.06217326985111  1.3719226004e-06
2.1500      1.06184536801680   1.06184400213794  1.3658788585e-06
2.1550      1.06151793907214   1.06151657920942  1.3598627200e-06
2.1600      1.06119234353778   1.06119098966374  1.3538740489e-06
2.1650      1.06086857009353   1.06086722218082  1.3479127110e-06
2.1700      1.06054660750024   1.06054526552167  1.3419785714e-06
2.1750      1.06022644459910   1.06022510852760  1.3360714968e-06
2.1800      1.05990807031098   1.05990674011963  1.3301913546e-06
2.1850      1.05959147363572   1.05959014929771  1.3243380126e-06
2.1900      1.05927664365146   1.05927532514012  1.3185113392e-06
2.1950      1.05896356951398   1.05896225680278  1.3127112040e-06
2.2000      1.05865224045602   1.05865093351854  1.3069374769e-06
2.2050      1.05834264578664   1.05834134459662  1.3011900286e-06
2.2100      1.05803477489058   1.05803347942185  1.2954687305e-06
2.2150      1.05772861722758   1.05772732745413  1.2897734547e-06
2.2200      1.05742416233179   1.05742287822772  1.2841040742e-06
2.2250      1.05712139981111   1.05712012135065  1.2784604622e-06
2.2300      1.05682031934659   1.05681904650410  1.2728424927e-06
2.2350      1.05652091069178   1.05651964344174  1.2672500409e-06
2.2400      1.05622316367217   1.05622190198919  1.2616829819e-06
2.2450      1.05592706818454   1.05592581204335  1.2561411920e-06
2.2500      1.05563261419637   1.05563136357183  1.2506245479e-06
2.2550      1.05533979174530   1.05533854661237  1.2451329274e-06
2.2600      1.05504859093845   1.05504735127224  1.2396662086e-06
2.2650      1.05475900195194   1.05475776772767  1.2342242695e-06
2.2700      1.05447101503023   1.05446978622324  1.2288069902e-06
2.2750      1.05418462048562   1.05418339707137  1.2234142508e-06
2.2800      1.05389980869765   1.05389859065172  1.2180459317e-06
2.2850      1.05361657011254   1.05361535741062  1.2127019142e-06
2.2900      1.05333489524265   1.05333368786057  1.2073820805e-06
2.2950      1.05305477466596   1.05305357257964  1.2020863134e-06
2.3000      1.05277619902547   1.05277500221097  1.1968144955e-06
2.3050      1.05249915902871   1.05249796746220  1.1915665112e-06
2.3100      1.05222364544721   1.05222245910496  1.1863422449e-06
2.3150      1.05194964911594   1.05194846797436  1.1811415817e-06
2.3200      1.05167716093283   1.05167598496842  1.1759644070e-06
2.3250      1.05140617185823   1.05140500104763  1.1708106074e-06
2.3300      1.05113667291442   1.05113550723435  1.1656800698e-06
2.3350      1.05086865518508   1.05086749461240  1.1605726815e-06
2.3400      1.05060210981482   1.05060095432649  1.1554883308e-06
2.3450      1.05033702800865   1.05033587758175  1.1504269064e-06
2.3500      1.05007340103154   1.05007225564324  1.1453882978e-06
2.3550      1.04981122020789   1.04981007983549  1.1403723945e-06
2.3600      1.04955047692105   1.04954934154196  1.1353790874e-06
2.3650      1.04929116261289   1.04929003220462  1.1304082674e-06
2.3700      1.04903326878328   1.04903214332345  1.1254598262e-06
2.3750      1.04877678698964   1.04877566645599  1.1205336563e-06
2.3800      1.04852170884650   1.04852059321685  1.1156296500e-06
2.3850      1.04826802602500   1.04826691527730  1.1107477009e-06
2.3900      1.04801573025248   1.04801462436477  1.1058877032e-06
2.3950      1.04776481331198   1.04776371226243  1.1010495509e-06
2.4000      1.04751526704185   1.04751417080871  1.0962331394e-06
2.4050      1.04726708333529   1.04726599189692  1.0914383646e-06
2.4100      1.04702025413989   1.04701916747477  1.0866651221e-06
2.4150      1.04677477145723   1.04677368954392  1.0819133092e-06
2.4200      1.04653062734244   1.04652955015962  1.0771828227e-06
2.4250      1.04628781390377   1.04628674143021  1.0724735606e-06
2.4300      1.04604632330218   1.04604525551676  1.0677854216e-06
2.4350      1.04580614775091   1.04580508463261  1.0631183043e-06
2.4400      1.04556727951510   1.04556622104300  1.0584721082e-06
2.4450      1.04532971091135   1.04532865706462  1.0538467332e-06
2.4500      1.04509343430731   1.04509238506523  1.0492420801e-06
2.4550      1.04485844212132   1.04485739746327  1.0446580494e-06
2.4600      1.04462472682197   1.04462368672743  1.0400945434e-06
2.4650      1.04439228092775   1.04439124537629  1.0355514635e-06
2.4700      1.04416109700662   1.04416006597790  1.0310287129e-06
2.4750      1.04393116767563   1.04393014114944  1.0265261940e-06
2.4800      1.04370248560058   1.04370146355677  1.0220438111e-06
2.4850      1.04347504349559   1.04347402591413  1.0175814682e-06
2.4900      1.04324883412276   1.04324782098369  1.0131390697e-06
2.4950      1.04302385029177   1.04302284157525  1.0087165210e-06
2.5000      1.04280008485953   1.04279908054580  1.0043137277e-06
2.5050      1.04257753072983   1.04257653079923  9.9993059588e-07
2.5100      1.04235618085293   1.04235518528590  9.9556703215e-07
2.5150      1.04213602822527   1.04213503700232  9.9122294372e-07
2.5200      1.04191706588905   1.04191607899081  9.8689823802e-07
2.5250      1.04169928693191   1.04169830433909  9.8259282333e-07
2.5300      1.04148268448660   1.04148170617999  9.7830660817e-07
2.5350      1.04126725173059   1.04126627769109  9.7403950194e-07
2.5400      1.04105298188577   1.04105201209436  9.6979141384e-07
2.5450      1.04083986821809   1.04083890265583  9.6556225415e-07
2.5500      1.04062790403721   1.04062694268528  9.6135193317e-07
2.5550      1.04041708269621   1.04041612553585  9.5716036164e-07
2.5600      1.04020739759122   1.04020644460377  9.5298745140e-07
2.5650      1.03999884216113   1.03999789332801  9.4883311430e-07
2.5700      1.03979140988721   1.03979046518995  9.4469726242e-07
2.5750      1.03958509429286   1.03958415371305  9.4057980871e-07
2.5800      1.03937988894325   1.03937895246258  9.3648066657e-07
2.5850      1.03917578744499   1.03917485504524  9.3239974963e-07
2.5900      1.03897278344587   1.03897185510890  9.2833697196e-07
2.5950      1.03877087063450   1.03876994634226  9.2429224829e-07
2.6000      1.03857004274005   1.03856912247455  9.2026549403e-07
2.6050      1.03837029353188   1.03836937727526  9.1625662391e-07
2.6100      1.03817161681932   1.03817070455377  9.1226555465e-07
2.6150      1.03797400645131   1.03797309815911  9.0829220234e-07
2.6200      1.03777745631614   1.03777655197965  9.0433648392e-07
2.6250      1.03758196034111   1.03758105994280  9.0039831613e-07
2.6300      1.03738751249233   1.03738661601471  8.9647761747e-07
2.6350      1.03719410677431   1.03719321420000  8.9257430536e-07
2.6400      1.03700173722978   1.03700084854148  8.8868829873e-07
2.6450      1.03681039793936   1.03680951311985  8.8481951632e-07
2.6500      1.03662008302128   1.03661920205340  8.8096787776e-07
2.6550      1.03643078663110   1.03642990949780  8.7713330266e-07
2.6600      1.03624250296146   1.03624162964575  8.7331571130e-07
2.6650      1.03605522624178   1.03605435672675  8.6951502398e-07
2.6700      1.03586895073799   1.03586808500683  8.6573116254e-07
2.6750      1.03568367075228   1.03568280878824  8.6196404769e-07
2.6800      1.03549938062284   1.03549852240924  8.5821360174e-07
2.6850      1.03531607472354   1.03531522024380  8.5447974651e-07
2.6900      1.03513374746376   1.03513289670135  8.5076240519e-07
2.6950      1.03495239328803   1.03495154622653  8.4706150050e-07
2.7000      1.03477200667586   1.03477116329891  8.4337695561e-07
2.7050      1.03459258214144   1.03459174243274  8.3970869502e-07
2.7100      1.03441411423339   1.03441327817675  8.3605664258e-07
2.7150      1.03423659753452   1.03423576511380  8.3242072280e-07
2.7200      1.03406002666158   1.03405919786072  8.2880086127e-07
2.7250      1.03388439626501   1.03388357106803  8.2519698275e-07
2.7300      1.03370970102871   1.03370887941969  8.2160901349e-07
2.7350      1.03353593566976   1.03353511763288  8.1803687935e-07
2.7400      1.03336309493824   1.03336228045774  8.1448050704e-07
2.7450      1.03319117361694   1.03319036267712  8.1093982329e-07
2.7500      1.03302016652115   1.03301935910640  8.0741475550e-07
2.7550      1.03285006849842   1.03284926459319  8.0390523149e-07
2.7600      1.03268087442833   1.03268007401716  8.0041117911e-07
2.7650      1.03251257922226   1.03251178228974  7.9693252664e-07
2.7700      1.03234517782316   1.03234438435396  7.9346920323e-07
2.7750      1.03217866520533   1.03217787518420  7.9002113762e-07
2.7800      1.03201303637419   1.03201224978593  7.8658825964e-07
2.7850      1.03184828636606   1.03184750319557  7.8317049890e-07
2.7900      1.03168441024795   1.03168363048016  7.7976778567e-07
2.7950      1.03152140311731   1.03152062673726  7.7638005069e-07
2.8000      1.03135926010186   1.03135848709464  7.7300722467e-07
2.8050      1.03119797635935   1.03119720671011  7.6964923879e-07
2.8100      1.03103754707732   1.03103678077130  7.6630602508e-07
2.8150      1.03087796747296   1.03087720449545  7.6297751495e-07
2.8200      1.03071923279283   1.03071847312919  7.5966364110e-07
2.8250      1.03056133831270   1.03056058194836  7.5636433605e-07
2.8300      1.03040427933730   1.03040352625777  7.5307953296e-07
2.8350      1.03024805120017   1.03024730139100  7.4980916476e-07
2.8400      1.03009264926341   1.03009190271024  7.4655316529e-07
2.8450      1.02993806891751   1.02993732560604  7.4331146882e-07
2.8500      1.02978430558114   1.02978356549713  7.4008400963e-07
2.8550      1.02963135470094   1.02963061783021  7.3687072200e-07
2.8600      1.02947921175135   1.02947847807981  7.3367154152e-07
2.8650      1.02932787223440   1.02932714174799  7.3048640292e-07
2.8700      1.02917733167952   1.02917660436427  7.2731524225e-07
2.8750      1.02902758564334   1.02902686148535  7.2415799512e-07
2.8800      1.02887862970953   1.02887790869493  7.2101459803e-07
2.8850      1.02873045948858   1.02872974160360  7.1788498790e-07
2.8900      1.02858307061763   1.02858235584853  7.1476910102e-07
2.8950      1.02843645876027   1.02843574709340  7.1166687499e-07
2.9000      1.02829061960639   1.02828991102814  7.0857824741e-07
2.9050      1.02814554887196   1.02814484336880  7.0550315612e-07
2.9100      1.02800124229886   1.02800053985732  7.0244153960e-07
2.9150      1.02785769565474   1.02785699626141  6.9939333569e-07
2.9200      1.02771490473278   1.02771420837430  6.9635848376e-07
2.9250      1.02757286535155   1.02757217201463  6.9333692254e-07
2.9300      1.02743157335484   1.02743088302625  6.9032859185e-07
2.9350      1.02729102461148   1.02729033727805  6.8733343106e-07
2.9400      1.02715121501514   1.02715053066376  6.8435138001e-07
2.9450      1.02701214048422   1.02701145910184  6.8138237963e-07
2.9500      1.02687379696161   1.02687311853524  6.7842636997e-07
2.9550      1.02673618041460   1.02673550493131  6.7548329219e-07
2.9600      1.02659928683463   1.02659861428155  6.7255308767e-07
2.9650      1.02646311223721   1.02646244260151  6.6963569778e-07
2.9700      1.02632765266167   1.02632698593061  6.6673106414e-07
2.9750      1.02619290417109   1.02619224033196  6.6383912878e-07
2.9800      1.02605886285205   1.02605820189221  6.6095983442e-07
2.9850      1.02592552481453   1.02592486672141  6.5809312311e-07
2.9900      1.02579288619173   1.02579223095280  6.5523893844e-07
2.9950      1.02566094313993   1.02566029074271  6.5239722313e-07
3.0000      1.02552969183829   1.02552904227037  6.4956792079e-07
3.0050      1.02539912848876   1.02539848173778  6.4675097522e-07
3.0100      1.02526924931586   1.02526860536953  6.4394633048e-07
3.0150      1.02514005056659   1.02513940941266  6.4115393106e-07
3.0200      1.02501152851022   1.02501089013650  6.3837372144e-07
3.0250      1.02488367943819   1.02488304383254  6.3560564634e-07
3.0300      1.02475649966393   1.02475586681428  6.3284965135e-07
3.0350      1.02462998552274   1.02462935541706  6.3010568119e-07
3.0400      1.02450413337160   1.02450350599791  6.2737368189e-07
3.0450      1.02437893958906   1.02437831493546  6.2465359973e-07
3.0500      1.02425440057511   1.02425377862973  6.2194538031e-07
3.0550      1.02413051275099   1.02412989350202  6.1924897055e-07
3.0600      1.02400727255908   1.02400665599476  6.1656431694e-07
3.0650      1.02388467646275   1.02388406257138  6.1389136663e-07
3.0700      1.02376272094622   1.02376210971615  6.1123006700e-07
3.0750      1.02364140251444   1.02364079393407  6.0858036544e-07
3.0800      1.02352071769291   1.02352011175070  6.0594220952e-07
3.0850      1.02340066302761   1.02340005971206  6.0331554730e-07
3.0900      1.02328123508477   1.02328063438445  6.0070032726e-07
3.0950      1.02316243045085   1.02316183235435  5.9809649788e-07
3.1000      1.02304424573230   1.02304365022829  5.9550400811e-07
3.1050      1.02292667755549   1.02292608463269  5.9292280663e-07
3.1100      1.02280972256659   1.02280913221375  5.9035284261e-07
3.1150      1.02269337743137   1.02269278963730  5.8779406609e-07
3.1200      1.02257763883514   1.02257705358872  5.8524642665e-07
3.1250      1.02246250348260   1.02246192077273  5.8270987413e-07
3.1300      1.02234796809770   1.02234738791334  5.8018435922e-07
3.1350      1.02223402942351   1.02223345175368  5.7766983197e-07
3.1400      1.02212068422214   1.02212010905590  5.7516624308e-07
3.1450      1.02200792927456   1.02200735660102  5.7267354370e-07
3.1500      1.02189576138051   1.02189519118882  5.7019168520e-07
3.1550      1.02178417735835   1.02178360963773  5.6772061896e-07
3.1600      1.02167317404497   1.02167260878467  5.6526029657e-07
3.1650      1.02156274829567   1.02156218548500  5.6281066985e-07
3.1700      1.02145289698399   1.02145233661230  5.6037169127e-07
3.1750      1.02134361700166   1.02134305905835  5.5794331311e-07
3.1800      1.02123490525843   1.02123434973294  5.5552548783e-07
3.1850      1.02112675868198   1.02112620556382  5.5311816816e-07
3.1900      1.02101917421780   1.02101862349649  5.5072130745e-07
3.1950      1.02091214882905   1.02091160049419  5.4833485907e-07
3.2000      1.02080567949649   1.02080513353771  5.4595877641e-07
3.2050      1.02069976321833   1.02069921962532  5.4359301305e-07
3.2100      1.02059439701014   1.02059385577261  5.4123752302e-07
3.2150      1.02048957790471   1.02048903901245  5.3889226082e-07
3.2200      1.02038530295197   1.02038476639479  5.3655718046e-07
3.2250      1.02028156921888   1.02028103498665  5.3423223645e-07
3.2300      1.02017837378928   1.02017784187190  5.3191738414e-07
3.2350      1.02007571376383   1.02007518415125  5.2961257824e-07
3.2400      1.01997358625987   1.01997305894210  5.2731777411e-07
3.2450      1.01987198841134   1.01987146337841  5.2503292758e-07
3.2500      1.01977091736863   1.01977039461063  5.2275799378e-07
3.2550      1.01967037029853   1.01966984980560  5.2049292876e-07
3.2600      1.01957034438409   1.01956982614640  5.1823768876e-07
3.2650      1.01947083682451   1.01947032083228  5.1599223005e-07
3.2700      1.01937184483509   1.01937133107858  5.1375650933e-07
3.2750      1.01927336564705   1.01927285411656  5.1153048330e-07
3.2800      1.01917539650748   1.01917488719337  5.0931410867e-07
3.2850      1.01907793467923   1.01907742757189  5.0710734278e-07
3.2900      1.01898097744081   1.01898047253067  5.0491014281e-07
3.2950      1.01888452208629   1.01888401936382  5.0272246677e-07
3.3000      1.01878856592519   1.01878806538091  5.0054427181e-07
3.3050      1.01869310628238   1.01869260790687  4.9837551641e-07
3.3100      1.01859814049803   1.01859764428187  4.9621615839e-07
3.3150      1.01850366592745   1.01850317186129  4.9406615621e-07
3.3200      1.01840967994102   1.01840918801555  4.9192546858e-07
3.3250      1.01831617992411   1.01831569013006  4.8979405398e-07
3.3300      1.01822316327697   1.01822267560510  4.8767187177e-07
3.3350      1.01813062741464   1.01813014185576  4.8555888066e-07
3.3400      1.01803856976684   1.01803808631180  4.8345504022e-07
3.3450      1.01794698777792   1.01794650641761  4.8136030983e-07
3.3500      1.01785587890672   1.01785539963207  4.7927464930e-07
3.3550      1.01776524062652   1.01776476342850  4.7719801888e-07
3.3600      1.01767507042490   1.01767459529452  4.7513037793e-07
3.3650      1.01758536580371   1.01758489273202  4.7307168716e-07
3.3700      1.01749612427894   1.01749565325703  4.7102190703e-07
3.3750      1.01740734338065   1.01740687439965  4.6898099826e-07
3.3800      1.01731902065287   1.01731855370395  4.6694892153e-07
3.3850      1.01723115365352   1.01723068872788  4.6492563799e-07
3.3900      1.01714373995432   1.01714327704321  4.6291110878e-07
3.3950      1.01705677714071   1.01705631623541  4.6090529549e-07
3.4000      1.01697026281175   1.01696980390359  4.5890815947e-07
3.4050      1.01688419458006   1.01688373766040  4.5691966233e-07
3.4100      1.01679857007172   1.01679811513195  4.5493976630e-07
3.4150      1.01671338692618   1.01671293395774  4.5296843321e-07
3.4200      1.01662864279619   1.01662819179056  4.5100562551e-07
3.4250      1.01654433534771   1.01654388629641  4.4905130592e-07
3.4300      1.01646046225985   1.01646001515442  4.4710543667e-07
3.4350      1.01637702122475   1.01637657605677  4.4516798070e-07
3.4400      1.01629400994752   1.01629356670862  4.4323890114e-07
3.4450      1.01621142614617   1.01621098482801  4.4131816090e-07
3.4500      1.01612926755152   1.01612882814579  4.3940572358e-07
3.4550      1.01604753190711   1.01604709440556  4.3750155232e-07
3.4600      1.01596621696914   1.01596578136353  4.3560561114e-07
3.4650      1.01588532050640   1.01588488678853  4.3371786362e-07
3.4700      1.01580484030015   1.01580440846187  4.3183827403e-07
3.4750      1.01572477414409   1.01572434417729  4.2996680638e-07
3.4800      1.01564511984427   1.01564469174085  4.2810342515e-07
3.4850      1.01556587521900   1.01556544897090  4.2624809438e-07
3.4900      1.01548703809877   1.01548661369799  4.2440077941e-07
3.4950      1.01540860632623   1.01540818376478  4.2256144472e-07
3.5000      1.01533057775603   1.01533015702598  4.2073005524e-07
3.5050      1.01525295025484   1.01525253134826  4.1890657609e-07
3.5100      1.01517572170118   1.01517530461021  4.1709097309e-07
3.5150      1.01509888998543   1.01509847470222  4.1528321115e-07
3.5200      1.01502245300973   1.01502203952647  4.1348325630e-07
3.5250      1.01494640868787   1.01494599699680  4.1169107390e-07
3.5300      1.01487075494529   1.01487034503866  4.0990663042e-07
3.5350      1.01479548971894   1.01479508158905  4.0812989166e-07
3.5400      1.01472061095726   1.01472020459644  4.0636082388e-07
3.5450      1.01464611662009   1.01464571202070  4.0459939377e-07
3.5500      1.01457200467861   1.01457160183304  4.0284556779e-07
3.5550      1.01449827311524   1.01449787201593  4.0109931265e-07
3.5600      1.01442491992363   1.01442452056303  3.9936059504e-07
3.5650      1.01435194310853   1.01435154547914  3.9762938209e-07
3.5700      1.01427934068576   1.01427894478012  3.9590564138e-07
3.5750      1.01420711068215   1.01420671649281  3.9418933961e-07
3.5800      1.01413525113544   1.01413485865500  3.9248044481e-07
3.5850      1.01406376009424   1.01406336931532  3.9077892433e-07
3.5900      1.01399263561796   1.01399224653322  3.8908474620e-07
3.5950      1.01392187577674   1.01392148837886  3.8739787800e-07
3.6000      1.01385147865138   1.01385109293309  3.8571828842e-07
3.6050      1.01378144233330   1.01378105828735  3.8404594482e-07
3.6100      1.01371176492444   1.01371138254362  3.8238081634e-07
3.6150      1.01364244453724   1.01364206381436  3.8072287123e-07
3.6200      1.01357347929453   1.01357310022245  3.7907207817e-07
3.6250      1.01350486732951   1.01350448990110  3.7742840586e-07
3.6300      1.01343660678567   1.01343623099384  3.7579182344e-07
3.6350      1.01336869581671   1.01336832165441  3.7416229981e-07
3.6400      1.01330113258652   1.01330076004672  3.7253980412e-07
3.6450      1.01323391526909   1.01323354434478  3.7092430616e-07
3.6500      1.01316704204844   1.01316667273267  3.6931577529e-07
3.6550      1.01310051111861   1.01310014340442  3.6771418088e-07
3.6600      1.01303432068352   1.01303395456403  3.6611949317e-07
3.6650      1.01296846895700   1.01296810442532  3.6453168173e-07
3.6700      1.01290295416268   1.01290259121196  3.6295071681e-07
3.6750      1.01283777453393   1.01283741315736  3.6137656845e-07
3.6800      1.01277292831381   1.01277256850460  3.5980920687e-07
3.6850      1.01270841375503   1.01270805550643  3.5824860301e-07
3.6900      1.01264422911988   1.01264387242515  3.5669472731e-07
3.6950      1.01258037268015   1.01258001753260  3.5514755026e-07
3.7000      1.01251684271713   1.01251648911008  3.5360704298e-07
3.7050      1.01245363752148   1.01245328544830  3.5207317639e-07
3.7100      1.01239075539325   1.01239040484732  3.5054592140e-07
3.7150      1.01232819464176   1.01232784561651  3.4902524959e-07
3.7200      1.01226595358559   1.01226560607445  3.4751113231e-07
3.7250      1.01220403055250   1.01220368454896  3.4600354115e-07
3.7300      1.01214242387941   1.01214207937696  3.4450244746e-07
3.7350      1.01208113191228   1.01208078890445  3.4300782326e-07
3.7400      1.01202015300613   1.01201981148649  3.4151964057e-07
3.7450      1.01195948552494   1.01195914548707  3.4003787119e-07
3.7500      1.01189912784162   1.01189878927913  3.3856248760e-07
3.7550      1.01183907833795   1.01183874124449  3.3709346181e-07
3.7600      1.01177933540452   1.01177899977375  3.3563076607e-07
3.7650      1.01171989744069   1.01171956326631  3.3417437351e-07
3.7700      1.01166076285453   1.01166043013027  3.3272425615e-07
3.7750      1.01160193006278   1.01160159878240  3.3128038712e-07
3.7800      1.01154339749080   1.01154306764806  3.2984273934e-07
3.7850      1.01148516357250   1.01148483516121  3.2841128594e-07
3.7900      1.01142722675029   1.01142689976429  3.2698599961e-07
3.7950      1.01136958547508   1.01136925990823  3.2556685414e-07
3.8000      1.01131223820617   1.01131191405234  3.2415382245e-07
3.8050      1.01125518341121   1.01125486066433  3.2274687856e-07
3.8100      1.01119841956619   1.01119809822020  3.2134599559e-07
3.8150      1.01114194515537   1.01114162520422  3.1995114780e-07
3.8200      1.01108575867121   1.01108544010890  3.1856230875e-07
3.8250      1.01102985861434   1.01102954143489  3.1717945226e-07
3.8300      1.01097424349354   1.01097392769098  3.1580255277e-07
3.8350      1.01091891182564   1.01091859739405  3.1443158433e-07
3.8400      1.01086386213551   1.01086354906899  3.1306652160e-07
3.8450      1.01080909295600   1.01080878124866  3.1170733839e-07
3.8500      1.01075460282791   1.01075429247390  3.1035400982e-07
3.8550      1.01070039029991   1.01070008129340  3.0900651038e-07
3.8600      1.01064645392854   1.01064614626372  3.0766481496e-07
3.8650      1.01059279227811   1.01059248594921  3.0632889825e-07
3.8700      1.01053940392070   1.01053909892197  3.0499873560e-07
3.8750      1.01048628743612   1.01048598376182  3.0367430170e-07
3.8800      1.01043344141180   1.01043313905623  3.0235557191e-07
3.8850      1.01038086444284   1.01038056340031  3.0104252180e-07
3.8900      1.01032855513187   1.01032825539675  2.9973512672e-07
3.8950      1.01027651208910   1.01027621365574  2.9843336202e-07
3.9000      1.01022473393220   1.01022443679500  2.9713720373e-07
3.9050      1.01017321928629   1.01017292343967  2.9584662764e-07
3.9100      1.01012196678391   1.01012167222230  2.9456160933e-07
3.9150      1.01007097506494   1.01007068178282  2.9328212481e-07
3.9200      1.01002024277660   1.01001995076845  2.9200815077e-07
3.9250      1.00996976857337   1.00996947783371  2.9073966257e-07
3.9300      1.00991955111699   1.00991926164035  2.8947663711e-07
3.9350      1.00986958907635   1.00986930085730  2.8821905063e-07
3.9400      1.00981988112755   1.00981959416067  2.8696687981e-07
3.9450      1.00977042595375   1.00977014023365  2.8572010113e-07
3.9500      1.00972122224522   1.00972093776653  2.8447869127e-07
3.9550      1.00967226869924   1.00967198545661  2.8324262713e-07
3.9600      1.00962356402008   1.00962328200820  2.8201188562e-07
3.9650      1.00957510691898   1.00957482613253  2.8078644387e-07
3.9700      1.00952689611406   1.00952661654779  2.7956627902e-07
3.9750      1.00947893033035   1.00947865197898  2.7835136840e-07
3.9800      1.00943120829967   1.00943093115798  2.7714168915e-07
3.9850      1.00938372876068   1.00938345282346  2.7593721907e-07
3.9900      1.00933649045874   1.00933621572081  2.7473793529e-07
3.9950      1.00928949214598   1.00928921860217  2.7354381582e-07
4.0000      1.00924273258118   1.00924246022634  2.7235483802e-07
4.0050      1.00919621052976   1.00919593935878  2.7117098012e-07
4.0100      1.00914992476375   1.00914965477153  2.6999221991e-07
4.0150      1.00910387406174   1.00910360524320  2.6881853543e-07
4.0200      1.00905805720885   1.00905778955894  2.6764990468e-07
4.0250      1.00901247299669   1.00901220651038  2.6648630613e-07
4.0300      1.00896712022333   1.00896685489561  2.6532771780e-07
4.0350      1.00892199769325   1.00892173351913  2.6417411836e-07
4.0400      1.00887710421730   1.00887684119182  2.6302548650e-07
4.0450      1.00883243861271   1.00883217673091  2.6188180069e-07
4.0500      1.00878799970298   1.00878773895994  2.6074303938e-07
4.0550      1.00874378631791   1.00874352670873  2.5960918149e-07
4.0600      1.00869979729352   1.00869953881332  2.5848020613e-07
4.0650      1.00865603147205   1.00865577411595  2.5735609221e-07
4.0700      1.00861248770188   1.00861223146506  2.5623681887e-07
4.0750      1.00856916483756   1.00856890971520  2.5512236501e-07
4.0800      1.00852606173972   1.00852580772701  2.5401271020e-07
4.0850      1.00848317727503   1.00848292436720  2.5290783379e-07
4.0900      1.00844051031624   1.00844025850852  2.5180771490e-07
4.0950      1.00839805974205   1.00839780902972  2.5071233334e-07
4.1000      1.00835582443716   1.00835557481549  2.4962166889e-07
4.1050      1.00831380329216   1.00831355475645  2.4853570091e-07
4.1100      1.00827199520356   1.00827174774915  2.4745440919e-07
4.1150      1.00823039907373   1.00823015269596  2.4637777418e-07
4.1200      1.00818901381087   1.00818876850510  2.4530577547e-07
4.1250      1.00814783832897   1.00814759409058  2.4423839307e-07
4.1300      1.00810687154779   1.00810662837218  2.4317560743e-07
4.1350      1.00806611239281   1.00806587027541  2.4211739835e-07
4.1400      1.00802555979522   1.00802531873147  2.4106374652e-07
4.1450      1.00798521269189   1.00798497267725  2.4001463217e-07
4.1500      1.00794507002529   1.00794483105526  2.3897003598e-07
4.1550      1.00790513074354   1.00790489281360  2.3792993864e-07
4.1600      1.00786539380029   1.00786515690597  2.3689432038e-07
4.1650      1.00782585815477   1.00782562229161  2.3586316233e-07
4.1700      1.00778652277169   1.00778628793524  2.3483644540e-07
4.1750      1.00774738662126   1.00774715280711  2.3381415004e-07
4.1800      1.00770844867913   1.00770821588287  2.3279625783e-07
4.1850      1.00766970792637   1.00766947614362  2.3178274966e-07
4.1900      1.00763116334945   1.00763093257584  2.3077360667e-07
4.1950      1.00759281394019   1.00759258417138  2.2976880998e-07
4.2000      1.00755465869574   1.00755442992739  2.2876834116e-07
4.2050      1.00751669661854   1.00751646884636  2.2777218156e-07
4.2100      1.00747892671633   1.00747869993601  2.2678031253e-07
4.2150      1.00744134800205   1.00744112220934  2.2579271586e-07
4.2200      1.00740395949389   1.00740373468452  2.2480937312e-07
4.2250      1.00736676021520   1.00736653638494  2.2383026632e-07
4.2300      1.00732974919450   1.00732952633912  2.2285537704e-07
4.2350      1.00729292546541   1.00729270358072  2.2188468707e-07
4.2400      1.00725628806667   1.00725606714849  2.2091817864e-07
4.2450      1.00721983604208   1.00721961608624  2.1995583355e-07
4.2500      1.00718356844049   1.00718334944285  2.1899763425e-07
4.2550      1.00714748431574   1.00714726627218  2.1804356276e-07
4.2600      1.00711158272669   1.00711136563309  2.1709360132e-07
4.2650      1.00707586273713   1.00707564658940  2.1614773238e-07
4.2700      1.00704032341579   1.00704010820985  2.1520593863e-07
4.2750      1.00700496383630   1.00700474956810  2.1426820229e-07
4.2800      1.00696978307716   1.00696956974266  2.1333450606e-07
4.2850      1.00693478022174   1.00693456781691  2.1240483261e-07
4.2900      1.00689995435821   1.00689974287905  2.1147916485e-07
4.2950      1.00686530457955   1.00686509402206  2.1055748545e-07
4.3000      1.00683082998349   1.00683062034371  2.0963977709e-07
4.3050      1.00679652967253   1.00679632094650  2.0872602313e-07
4.3100      1.00676240275386   1.00676219493765  2.0781620647e-07
4.3150      1.00672844833938   1.00672824142907  2.0691031022e-07
4.3200      1.00669466554565   1.00669445953734  2.0600831752e-07
4.3250      1.00666105349387   1.00666084838366  2.0511021193e-07
4.3300      1.00662761130984   1.00662740709386  2.0421597635e-07
4.3350      1.00659433812396   1.00659413479837  2.0332559458e-07
4.3400      1.00656123307121   1.00656103063216  2.0243904975e-07
4.3450      1.00652829529107   1.00652809373475  2.0155632585e-07
4.3500      1.00649552392757   1.00649532325016  2.0067740625e-07
4.3550      1.00646291812920   1.00646271832692  1.9980227473e-07
4.3600      1.00643047704893   1.00643027811801  1.9893091485e-07
4.3650      1.00639819984416   1.00639800178085  1.9806331064e-07
4.3700      1.00636608567673   1.00636588847728  1.9719944633e-07
4.3750      1.00633413371283   1.00633393737352  1.9633930504e-07
4.3800      1.00630234312305   1.00630214764018  1.9548287167e-07
4.3850      1.00627071308230   1.00627051845217  1.9463013001e-07
4.3900      1.00623924276984   1.00623904898877  1.9378106431e-07
4.3950      1.00620793136919   1.00620773843353  1.9293565878e-07
4.4000      1.00617677806815   1.00617658597426  1.9209389746e-07
4.4050      1.00614578205880   1.00614559080304  1.9125576523e-07
4.4100      1.00611494253741   1.00611475211617  1.9042124633e-07
4.4150      1.00608425870447   1.00608406911414  1.8959032544e-07
4.4200      1.00605372976463   1.00605354100164  1.8876298680e-07
4.4250      1.00602335492672   1.00602316698751  1.8793921552e-07
4.4300      1.00599313340370   1.00599294628470  1.8711899585e-07
4.4350      1.00596306441263   1.00596287811032  1.8630231291e-07
4.4400      1.00593314717467   1.00593296168552  1.8548915159e-07
4.4450      1.00590338091504   1.00590319623554  1.8467949681e-07
4.4500      1.00587376486300   1.00587358098967  1.8387333323e-07
4.4550      1.00584429825186   1.00584411518121  1.8307064642e-07
4.4600      1.00581498031889   1.00581479804747  1.8227142107e-07
4.4650      1.00578581030537   1.00578562882973  1.8147564251e-07
4.4700      1.00575678745653   1.00575660677323  1.8068329610e-07
4.4750      1.00572791102153   1.00572773112716  1.7989436696e-07
4.4800      1.00569918025344   1.00569900114460  1.7910884043e-07
4.4850      1.00567059440925   1.00567041608255  1.7832670229e-07
4.4900      1.00564215274979   1.00564197520186  1.7754793769e-07
4.4950      1.00561385453976   1.00561367776723  1.7677253239e-07
4.5000      1.00558569904769   1.00558552304722  1.7600047175e-07
4.5050      1.00555768554591   1.00555751031417  1.7523174178e-07
4.5100      1.00552981331054   1.00552963884421  1.7446632805e-07
4.5150      1.00550208162148   1.00550190791726  1.7370421634e-07
4.5200      1.00547448976236   1.00547431681697  1.7294539267e-07
4.5250      1.00544703702057   1.00544686483073  1.7218984283e-07
4.5300      1.00541972268717   1.00541955124961  1.7143755304e-07
4.5350      1.00539254605692   1.00539237536841  1.7068850910e-07
4.5400      1.00536550642826   1.00536533648556  1.6994269747e-07
4.5450      1.00533860310327   1.00533843390317  1.6920010393e-07
4.5500      1.00531183538766   1.00531166692694  1.6846071449e-07
4.5550      1.00528520259074   1.00528503486622  1.6772451605e-07
4.5600      1.00525870402541   1.00525853703392  1.6699149463e-07
4.5650      1.00523233900816   1.00523217274652  1.6626163690e-07
4.5700      1.00520610685900   1.00520594132407  1.6553492910e-07
4.5750      1.00518000690150   1.00517984209014  1.6481135767e-07
4.5800      1.00515403846272   1.00515387437181  1.6409090953e-07
4.5850      1.00512820087322   1.00512803749965  1.6337357112e-07
4.5900      1.00510249346705   1.00510233080772  1.6265932912e-07
4.5950      1.00507691558169   1.00507675363352  1.6194817021e-07
4.6000      1.00505146655807   1.00505130531799  1.6124008129e-07
4.6050      1.00502614574055   1.00502598520551  1.6053504925e-07
4.6100      1.00500095247688   1.00500079264382  1.5983306101e-07
4.6150      1.00497588611818   1.00497572698407  1.5913410345e-07
4.6200      1.00495094601895   1.00495078758078  1.5843816370e-07
4.6250      1.00492613153703   1.00492597379180  1.5774522888e-07
4.6300      1.00490144203359   1.00490128497830  1.5705528633e-07
4.6350      1.00487687687311   1.00487672050478  1.5636832273e-07
4.6400      1.00485243542336   1.00485227973903  1.5568432588e-07
4.6450      1.00482811705539   1.00482796205210  1.5500328265e-07
4.6500      1.00480392114349   1.00480376681831  1.5432518086e-07
4.6550      1.00477984706523   1.00477969341522  1.5365000761e-07
4.6600      1.00475589420135   1.00475574122360  1.5297775025e-07
4.6650      1.00473206193583   1.00473190962743  1.5230839678e-07
4.6700      1.00470834965582   1.00470819801389  1.5164193412e-07
4.6750      1.00468475675166   1.00468460577331  1.5097835049e-07
4.6800      1.00466128261683   1.00466113229920  1.5031763345e-07
4.6850      1.00463792664795   1.00463777698818  1.4965977058e-07
4.6900      1.00461468824475   1.00461453924000  1.4900474965e-07
4.6950      1.00459156681008   1.00459141845752  1.4835255890e-07
4.7000      1.00456856174987   1.00456841404668  1.4770318590e-07
4.7050      1.00454567247312   1.00454552541650  1.4705661844e-07
4.7100      1.00452289839188   1.00452275197903  1.4641284496e-07
4.7150      1.00450023892125   1.00450009314939  1.4577185303e-07
4.7200      1.00447769347933   1.00447754834570  1.4513363111e-07
4.7250      1.00445526148725   1.00445511698909  1.4449816721e-07
4.7300      1.00443294236912   1.00443279850367  1.4386544978e-07
4.7350      1.00441073555202   1.00441059231655  1.4323546660e-07
4.7400      1.00438864046598   1.00438849785777  1.4260820635e-07
4.7450      1.00436665654398   1.00436651456032  1.4198365728e-07
4.7500      1.00434478322194   1.00434464186013  1.4136180781e-07
4.7550      1.00432301993867   1.00432287919602  1.4074264643e-07
4.7600      1.00430136613588   1.00430122600971  1.4012616156e-07
4.7650      1.00427982125816   1.00427968174582  1.3951234168e-07
4.7700      1.00425838475297   1.00425824585180  1.3890117567e-07
4.7750      1.00423705607062   1.00423691777797  1.3829265177e-07
4.7800      1.00421583466424   1.00421569697748  1.3768675911e-07
4.7850      1.00419471998979   1.00419458290631  1.3708348634e-07
4.7900      1.00417371150604   1.00417357502322  1.3648282193e-07
4.7950      1.00415280867453   1.00415267278977  1.3588475523e-07
4.8000      1.00413201095959   1.00413187567031  1.3528927467e-07
4.8050      1.00411131782830   1.00411118313193  1.3469636939e-07
4.8100      1.00409072875049   1.00409059464446  1.3410602850e-07
4.8150      1.00407024319872   1.00407010968048  1.3351824091e-07
4.8200      1.00404986064827   1.00404972771528  1.3293299550e-07
4.8250      1.00402958057711   1.00402944822683  1.3235028162e-07
4.8300      1.00400940246590   1.00400927069581  1.3177008840e-07
4.8350      1.00398932579799   1.00398919460558  1.3119240516e-07
4.8400      1.00396935005935   1.00396921944213  1.3061722082e-07
4.8450      1.00394947473864   1.00394934469412  1.3004452537e-07
4.8500      1.00392969932713   1.00392956985282  1.2947430750e-07
4.8550      1.00391002331869   1.00390989441213  1.2890655698e-07
4.8600      1.00389044620982   1.00389031786855  1.2834126295e-07
4.8650      1.00387096749959   1.00387083972117  1.2777841518e-07
4.8700      1.00385158668966   1.00385145947166  1.2721800302e-07
4.8750      1.00383230328424   1.00383217662422  1.2666001625e-07
4.8800      1.00381311679010   1.00381299068565  1.2610444444e-07
4.8850      1.00379402671652   1.00379390116525  1.2555127715e-07
4.8900      1.00377503257534   1.00377490757483  1.2500050395e-07
4.8950      1.00375613388087   1.00375600942875  1.2445211506e-07
4.9000      1.00373733014994   1.00373720624384  1.2390609982e-07
4.9050      1.00371862090184   1.00371849753939  1.2336244848e-07
4.9100      1.00370000565836   1.00369988283721  1.2282115058e-07
4.9150      1.00368148394371   1.00368136166151  1.2228219615e-07
4.9200      1.00366305528456   1.00366293353899  1.2174557540e-07
4.9250      1.00364471921002   1.00364459799874  1.2121127813e-07
4.9300      1.00362647525159   1.00362635457230  1.2067929434e-07
4.9350      1.00360832294320   1.00360820279358  1.2014961448e-07
4.9400      1.00359026182115   1.00359014219892  1.1962222812e-07
4.9450      1.00357229142414   1.00357217232701  1.1909712594e-07
4.9500      1.00355441129321   1.00355429271892  1.1857429794e-07
4.9550      1.00353662097179   1.00353650291805  1.1805373457e-07
4.9600      1.00351892000561   1.00351880247018  1.1753542584e-07
4.9650      1.00350130794276   1.00350119092339  1.1701936242e-07
4.9700      1.00348378433362   1.00348366782809  1.1650553433e-07
4.9750      1.00346634873092   1.00346623273698  1.1599393246e-07
4.9800      1.00344900068962   1.00344888520507  1.1548454704e-07
4.9850      1.00343173976702   1.00343162478965  1.1497736851e-07
4.9900      1.00341456552264   1.00341445105025  1.1447238757e-07
4.9950      1.00339747751829   1.00339736354870  1.1396959487e-07
5.0000      1.00338047531801   1.00338036184903  1.1346898088e-07
###  max_n |e_n|=6.0553736940e-06