# Time t_n, Numerical sol. X_n, Exact sol. x(t_n), Error e_n
0.0000      0.10000000000000   0.10000000000000  0.0000000000e+00
0.0500      0.10458949375000   0.10459086082705  1.3670770509e-06
0.1000      0.10936404818620   0.10936687039096  2.8222047557e-06
0.1500      0.11432875620220   0.11433312283751  4.3666353067e-06
0.2000      0.11948863041733   0.11949463171139  6.0012940613e-06
0.2500      0.12484857850943   0.12485630525613  7.7267466959e-06
0.3000      0.13041337686270   0.13042292002939  9.5431666937e-06
0.3500      0.13618764255904   0.13619909286267  1.1450303627e-05
0.4000      0.14217580376270   0.14218925121544  1.3447452740e-05
0.4500      0.14838206857136   0.14839760199773  1.5533426370e-05
0.5000      0.15481039243245   0.15482809896025  1.7706527808e-05
0.5500      0.16146444425097   0.16148440877915  1.9964528183e-05
0.6000      0.16834757134480   0.16836987599182  2.2304647021e-05
0.6500      0.17546276343398   0.17548748697108  2.4723537107e-05
0.7000      0.18281261588310   0.18283983315737  2.7217274278e-05
0.7500      0.19039929244855   0.19042907380131  2.9781352756e-05
0.8000      0.19822448781562   0.19825689850220  3.2410686588e-05
0.8500      0.20628939024315   0.20632448986086  3.5099617712e-05
0.9000      0.21459464466546   0.21463248659653  3.7841931067e-05
0.9500      0.22314031663065   0.22318094750775  4.0630877104e-05
1.0000      0.23192585748217   0.23196931668407  4.3459201900e-05
1.0500      0.24095007121396   0.24099639039894  4.6319184981e-05
1.1000      0.25021108344869   0.25026028613346  4.9202684769e-05
1.1500      0.25970631300288   0.25975841419433  5.2101191449e-05
1.2000      0.26943244650977   0.26948745239660  5.5005886828e-05
1.2500      0.27938541657189   0.27944332428252  5.7907710622e-05
1.3000      0.28956038390732   0.28962118133972  6.0797432395e-05
1.3500      0.29995172393805   0.30001538966626  6.3665728210e-05
1.4000      0.31055301824344   0.31061952150433  6.6503260890e-05
1.4500      0.32135705126751   0.32142635203015  6.9300762639e-05
1.5000      0.33235581262448   0.33242786174312  7.2049118642e-05
1.5500      0.34354050529379   0.34361524474398  7.4739450193e-05
1.6000      0.35490155993313   0.35497892312895  7.7363195824e-05
1.6500      0.36642865546727   0.36650856765617  7.9912188908e-05
1.7000      0.37811074603239   0.37819312476263  8.2378730234e-05
1.7500      0.38993609427116   0.39002084992529  8.4755654136e-05
1.8000      0.40189231088478   0.40197934727164  8.7036386858e-05
1.8500      0.41396640025670   0.41405561525273  8.9214996031e-05
1.9000      0.42614481186928   0.42623609809960  9.1286230315e-05
1.9500      0.43841349714333   0.43850674269184  9.3245548504e-05
2.0000      0.45075797124162   0.45085306037928  9.5089137666e-05
2.0500      0.46316337929421   0.46326019321435  9.6813920143e-05
2.1000      0.47561456642769   0.47571298397723  9.8417549541e-05
2.1500      0.48809615091388   0.48819604930999  9.9898396114e-05
2.2000      0.50059259969834   0.50069385522055  1.0125552221e-04
2.2500      0.51308830552630   0.51319079417500  1.0248864870e-04
2.3000      0.52556766485487   0.52567126296837  1.0359811350e-04
2.3500      0.53801515572592   0.53811974054940  1.0458482348e-04
2.4000      0.55041541477502   0.55052086497619  1.0545020116e-04
2.4500      0.56275331256716   0.56285950869495  1.0619612779e-04
2.5000      0.57501402648043   0.57512085136451  1.0682488408e-04
2.5500      0.58718311040278   0.58729044949311  1.0733909033e-04
2.6000      0.59924656056303   0.59935430221022  1.0774164719e-04
2.6500      0.61119087688521   0.61129891256369  1.0803567848e-04
2.7000      0.62300311933156   0.62311134380854  1.0822447697e-04
2.7500      0.63467095878353   0.63477927023798  1.0831145445e-04
2.8000      0.64618272209910   0.64629102219555  1.0830009645e-04
2.8500      0.65752743107684   0.65763562499933  1.0819392248e-04
2.9000      0.66869483514981   0.66880283160182  1.0799645201e-04
2.9500      0.67967543772433   0.67978314890059  1.0771117626e-04
3.0000      0.69046051616707   0.69056785770302  1.0734153594e-04
3.0500      0.70104213552783   0.70114902643240  1.0689090457e-04
3.1000      0.71141315616282   0.71151951873988  1.0636257707e-04
3.1500      0.72156723549350   0.72167299525669  1.0575976319e-04
3.2000      0.73149882419746   0.73160390978263  1.0508558517e-04
3.2500      0.74120315718055   0.74130750025951  1.0434307896e-04
3.3000      0.75067623972264   0.75077977492108  1.0353519844e-04
3.3500      0.75991482922293   0.76001749404484  1.0266482191e-04
3.4000      0.76891641299499   0.76901814775519  1.0173476020e-04
3.4500      0.77767918257685   0.77777993034265  1.0074776580e-04
3.5000      0.78620200502820   0.78630171157068  9.9706542478e-05
3.5500      0.79448439168537   0.79458300544014  9.8613754770e-05
3.6000      0.80252646483668   0.80262393687377  9.7472037091e-05
3.6500      0.81032892276612   0.81042520676807  9.6284001951e-05
3.7000      0.81789300359385   0.81798805584095  9.5052247105e-05
3.7500      0.82522044831751   0.82531422767889  9.3779361380e-05
3.8000      0.83231346343127   0.83240593136036  9.2467929090e-05
3.8500      0.83917468346892   0.83926580400188  9.1120532951e-05
3.9000      0.84580713378592   0.84589687354143  8.9739755503e-05
3.9500      0.85221419386210   0.85230252204118  8.8328179083e-05
4.0000      0.85839956137377   0.85848644975821  8.6888384441e-05
4.0500      0.86436721725104   0.86445264019916  8.5422948118e-05
4.1000      0.87012139190402   0.87020532634274  8.3934438722e-05
4.1500      0.87566653277092   0.87574895818320  8.2425412287e-05
4.2000      0.88100727331158   0.88108817171844  8.0898406861e-05
4.2500      0.88614840354274   0.88622775947926  7.9355936521e-05
4.3000      0.89109484218579   0.89117264267076  7.7800484971e-05
4.3500      0.89585161047473   0.89592784497363  7.6234498899e-05
4.4000      0.90042380765077   0.90049846803201  7.4660381243e-05
4.4500      0.90481658815161   0.90488966863613  7.3080484513e-05
4.5000      0.90903514048669   0.90910663759098  7.1497104293e-05
4.5500      0.91308466777516   0.91315458024820  6.9912473036e-05
4.6000      0.91697036991161   0.91703869866585  6.8328754240e-05
4.6500      0.92069742731344   0.92076417535054  6.6748037092e-05
4.7000      0.92427098619603   0.92433615852766  6.5172331632e-05
4.7500      0.92769614531431   0.92775974887879  6.3603564486e-05
4.8000      0.93097794410465   0.93103998767985  6.2043575196e-05
4.8500      0.93412135215673   0.93418184626990  6.0494113165e-05
4.9000      0.93713125994235   0.93719021677757  5.8956835220e-05
4.9500      0.94001247072691   0.94006990403070  5.7433303795e-05
5.0000      0.94276969358831   0.94282561857401  5.5924985702e-05
###  max_n |e_n|=1.0831145445e-04